0.0
0.14781221981551204
0.29491755137389286
0.400031779918163
0.4727868710590908
0.526715080655588
0.5679445215161264
0.6012202967767781
0.6290743837539802
0.6529278181530894
0.6736322975002716
0.6918283071817852
0.7078851384792365
0.7222651501413856
0.7350868970655442
0.7465850633706871
0.7568884774039306
0.7662093857845026
0.7746223423668883
0.7823149446251245
0.7894300577205572
0.7960448038701226
0.802203077101545
0.8079956083855819
0.8134991810580128
0.8185614591209531
0.8232466337998315
0.8276254777488579
0.8317592749498529
0.8356049339883582
0.8392360277470894
0.8426752969352495
0.8459260055134534
0.8490196872651294
0.8519445705290429
0.8547156552553428
0.8573548973758164
0.8598688604833944
0.8622807311835388
0.8645727984768466
0.866773724574839
0.8688722372200913
0.8708763982169642
0.8728072538688767
0.874668567540254
0.8764552025061937
0.8781862431265759
0.8798447096718625
0.8814435688052616
0.8829884566554858
0.8844871496532897
0.885929035467712
0.8873243697127069
0.8886736696279349
0.8899854785857161
0.8912589761369341
0.892495018402406
0.8936945863539013
0.8948580723801279
0.8959857261829908
0.8970752826094947
0.8981461113931255
0.8991890270709503
0.9002017466541236
0.9011946327717018
0.902168844753958
0.9031153219889118
0.9040406815770449
0.9049344003666477
0.9058128873400472
0.9066705777119323
0.907501639159237
0.9083225341718392
0.9091270202021144
0.9099139200839395
0.9106859805382689
0.9114409542479579
0.9121778245695363
0.9128991241937546
0.9136035867752375
0.9142986320277328
0.9149814953944354
0.9156513385903786
0.9162969785373898
0.9169440453524293
0.9175758981871158
0.9181916095772308
0.9188020415556406
0.9194057494184664
0.9199893562779419
0.9205629037178169
0.9211348280953096
0.921692483792518
0.9222395449946155
0.9227754052826898
0.9233048446646361
0.9238254196289559
0.9243411075702784
0.924849768186561
0.9253416631035095
0.9258263880086152
0.9263043887981369
0.9267809627196303
0.9272453012477799
0.9277038787962648
0.9281633124655667
0.9286126510435675
0.9290576376740816
0.9294966849664273
0.9299241032843415
0.9303460638320469
0.9307651706436955
0.9311806746135722
0.931585833790243
0.931986337809971
0.9323823471954095
0.9327720783615229
0.9331559950404205
0.9335405181382301
0.9339177107015438
0.9342927629628148
0.9346653360408864
0.9350295084334407
0.9353882230557863
0.9357375916925457
0.9360865144330461
0.9364293373127252
0.9367653468975684
0.9371052803694898
0.937438525397528
0.9377654386986901
0.9380913531922324
0.9384093485682168
0.9387294664103936
0.9390428244652856
0.9393554334144628
0.9396619960103695
0.9399632613587207
0.9402622437182264
0.9405606374946704
0.9408569979841739
0.9411439233088394
0.9414345228186781
0.9417201639621181
0.9419972974049385
0.9422686698680942
0.9425435381579196
0.9428165693551583
0.9430863900993331
0.9433508600884014
0.9436103538752205
0.9438713458734694
0.944131214213146
0.9443898697149985
0.9446438878957585
0.9448951593555638
0.9451446293944832
0.9453908176369372
0.9456378263285076
0.9458835865105532
0.9461223728751098
0.9463598572225905
0.946596877837962
0.9468289935944857
0.9470619119642754
0.947292618688621
0.9475199009296985
0.9477452033913866
0.9479685439095356
0.9481903327087036
0.9484126030758312
0.9486314489596906
0.9488502413359989
0.9490648066157731
0.949273842781937
0.9494840561142245
0.9496921291444693
0.9499050356901604
0.9501088637880206
0.9503091425516602
0.9505115616173424
0.9507132850848607
0.9509115483974101
0.9511086702155368
0.9513062557657727
0.9515010767592035
0.9516919381938554
0.9518814976114315
0.9520731081517984
0.9522631848090347
0.9524510676566773
0.9526401633421441
0.952824443348015
0.953008330965178
0.9531901852954006
0.9533724855218819
0.9535486858875418
0.9537243690135414
0.9539018000528758
0.9540776258656782
0.9542512043613359
0.9544227317342028
0.954594330450471
0.9547616842343547
0.9549288953314355
0.9550951432925971
0.9552580559497423
0.9554248033147139
0.9555869133585931
0.9557490590741731
0.9559111869539026
0.9560723873694138
0.9562337483075781
0.956389615803833
0.9565468923322659
0.9567038834870931
0.9568580209058636
0.9570115340698716
0.9571661887283023
0.9573167589770016
0.9574682388540691
0.9576177211158967
0.9577643853133683
0.9579110316749895
0.9580569289308958
0.9582044849208851
0.958350364340941
0.9584951022665742
0.9586402860884663
0.9587856482688619
0.9589284777585071
0.9590661170156989
0.9592053436635722
0.9593428045622605
0.95948133561197
0.9596156395651454
0.9597508174749881
0.9598863699376884
0.9600213516531773
0.9601525164966901
0.9602835564892503
0.9604179139499768
0.9605505770049194
0.9606790486350285
0.9608081266840497
0.9609359027159949
0.9610639284498452
0.9611881373117195
0.9613177682721017
0.9614442066152703
0.9615694677923154
0.9616950321788167
0.9618183849198738
0.9619428078119523
0.9620643948038243
0.9621877475448815
0.962307301249813
0.9624297265266517
0.9625472291087923
0.962665891021206
0.9627860689809
0.9629044276838578
0.9630208066074261
0.9631336183609233
0.963247963997551
0.9633618637379199
0.9634761558669965
0.9635898237413107
0.963704098034537
0.9638170346389867
0.9639304884830967
0.9640398935891761
0.9641506007123314
0.9642640723922917
0.9643751897400051
0.9644828647686
0.9645900582292353
0.9646969841521152
0.9648038922391449
0.9649120845074001
0.965017654905653
0.9651224583623408
0.9652300442116839
0.9653374338666731
0.9654419341139048
0.9655438481628349
0.9656475636326509
0.9657506905194052
0.9658521408362261
0.9659550001852251
0.9660563969944949
0.9661533883487269
0.9662541609032342
0.9663518656914805
0.9664528166044914
0.9665508602738945
0.9666469955073095
0.9667435944728338
0.9668436000857759
0.966939895841844
0.9670372795847839
0.9671335753408521
0.967227695123177
0.96732473998496
0.9674193234993942
0.9675148879855978
0.9676081338112553
0.9677011834425588
0.967793715834202
0.967886533599451
0.9679782633778282
0.9680692975580416
0.9681592080796826
0.9682501887523449
0.9683401706173873
0.968431222633451
0.9685197954663154
0.968607476506662
0.9686955499357164
0.9687825353778992
0.9688694316408302
0.9689541162583171
0.9690408876702955
0.9691283725162883
0.9692153222867703
0.9692997393665019
0.9693859578671195
0.9694712132318177
0.9695560583719578
0.9696397620176752
0.9697232516331883
0.9698090599092476
0.9698921214643522
0.9699758607817703
0.9700578521858536
0.9701391658276234
0.9702191061089158
0.9703016147526594
0.9703807345848354
0.970462137405857
0.9705427554494629
0.970624033419532
0.9707035456404158
0.9707821482329316
0.970860483287692
0.9709414758841554
0.9710193115351058
0.971097486067213
0.9711751255238096
0.9712525331143516
0.9713307611540098
0.9714089356861171
0.9714865394710129
0.971560237204681
0.9716348802384178
0.9717089881966441
0.9717823827208562
0.9718549389601014
0.9719300635617979
0.9720039396539695
0.9720764602215141
0.9721484278776976
0.9722219294170118
0.9722938435656443
0.9723629218140704
0.9724343365588929
0.9725059653339198
0.9725784323939133
0.9726474392989379
0.9727191215815159
0.9727906968489917
0.9728617013692561
0.9729311363346892
0.9730020873474026
0.9730742690337905
0.9731438288501761
0.9732140842647257
0.973281717809273
0.9733493335179699
0.9734185366173485
0.9734867765808077
0.9735544279612054
0.9736217404604462
0.9736886070634282
0.9737570967287925
0.9738226791505489
0.973889046349721
0.9739542007110689
0.9740221196292218
0.9740880230962846
0.9741519824556587
0.9742161736810874
0.9742810961763806
0.9743432362790184
0.9744064822043783
0.9744704772354531
0.9745329383833973
0.974595524382294
0.9746571115735708
0.9747205893649853
0.9747832288714331
0.974845921885432
0.9749083295258251
0.9749702912699594
0.9750317001027327
0.9750947855054393
0.9751560694872601
0.9752168540652709
0.9752804923793386
0.9753412947931998
0.975401098399441
0.9754608663339815
0.9755220076289994
0.9755803130238109
0.9756398847639975
0.9756995813551367
0.9757600448878411
0.9758186534921085
0.975878011202091
0.9759374937630259
0.9759941760954549
0.9760530700733281
0.9761128380078686
0.9761709115366255
0.9762270409576936
0.976284240529783
0.9763416541320767
0.9763985326588598
0.976456071112106
0.9765126285935826
0.9765678305504322
0.9766233357167379
0.976679768347262
0.9767353270211188
0.9767925087573578
0.9768480495953642
0.9769030910295606
0.9769582573147095
0.9770123534488371
0.9770681261528981
0.977124398260769
0.9771806168610889
0.9772352302348768
0.9772896474143108
0.977342619889866
0.9773945222143999
0.9774477800635608
0.9775009665693203
0.9775525300126974
0.977605573831654
0.9776578150373447
0.9777116079620163
0.9777633854355977
0.9778150737299274
0.9778663161279981
0.9779179687506271
0.9779697105525078
0.9780208102637757
0.97807173161654
0.9781201916219554
0.9781712378256723
0.9782191984272777
0.9782689426139186
0.9783197212798801
0.9783699113627798
0.9784203154758839
0.9784697921247695
0.9785187515339947
0.9785681568394788
0.9786170270694523
0.9786637391615328
0.9787129839443638
0.9787628173102565
0.9788110097779165
0.9788592735889778
0.9789076444151413
0.9789560330771553
0.9790031910654947
0.9790488686782546
0.9790961871892472
0.9791430062964298
0.9791897897319117
0.9792374292882107
0.9792845516048494
0.9793316917573385
0.9793787427305757
0.9794268460189839
0.9794736472903162
0.9795196637842328
0.979567160653729
0.979614104611864
0.9796599605831275
0.9797064408091535
0.9797515120030013
0.9797975463327683
0.9798425996907657
0.9798865115543405
0.9799319929727465
0.9799769571514921
0.9800215646132308
0.9800667428221808
0.9801111897612661
0.9801554405059976
0.9801991205035177
0.9802452083408357
0.9802895839365197
0.9803343340850611
0.9803779070674791
0.9804208557951346
0.9804630554170752
0.9805066640711939
0.9805507364574219
0.9805934176473221
0.9806359739862698
0.9806777633836522
0.980720070020695
0.9807626263596426
0.980803862845664
0.9808477925450891
0.9808887258216545
0.9809302476812817
0.9809716446899563
0.9810125601306714
0.9810544922148566
0.9810956395216263
0.9811363052604363
0.9811771493577499
0.981217618902206
0.981257874416458
0.9813007518007121
0.9813401690299973
0.9813795862592826
0.981418664607411
0.9814591163160168
0.9815004063095892
0.9815403942860857
0.981580667636188
0.9816205664334328
0.9816595734381598
0.9816987766372407
0.9817384970759819
0.9817780748279203
0.9818172601911509
0.9818556072694148
0.9818945072590397
0.981932426276895
0.9819696496965865
0.9820091917768242
0.9820483949759051
0.9820879905636939
0.9821267657023663
0.9821657191995423
0.9822029604550842
0.9822405405917828
0.9822772111001132
0.9823147198934105
0.9823531561509261
0.9823908611385772
0.9824298146357532
0.9824674482800029
0.98250545647711
0.9825436430327207
0.9825821327977874
0.9826189281570703
0.9826547782162844
0.9826914665604652
0.9827286721443064
0.9827658955639978
0.9828019061458652
0.9828378632201814
0.9828753541776283
0.9829105621462296
0.9829476072074176
0.9829837069685367
0.9830199494164586
0.9830556389530196
0.9830914711763834
0.9831266969808351
0.9831610131569187
0.9831962746330711
0.9832327489470477
0.9832674575118391
0.9833045560805781
0.9833409768870036
0.9833761135122036
0.9834116960336624
0.9834470288532162
0.9834816482387558
0.9835153936676281
0.9835502984267733
0.983585827440681
0.9836187702562872
0.983652194639853
0.9836865464876373
0.983720363259911
0.9837547151076953
0.9837878362818051
0.983820814769112
0.983854952586692
0.9838880202532507
0.983921819189674
0.9839549581996342
0.9839885966134042
0.9840214859214593
0.9840551243352293
0.9840889767792037
0.9841227400439263
0.98415605741239
0.9841884651524856
0.9842197849057095
0.9842514970476411
0.9842827811291643
0.984315599093818
0.984347275564049
0.9843788985267289
0.9844095405176393
0.9844415380331767
0.9844743203261297
0.9845068172454771
0.9845399027478862
0.9845714900388653
0.9846042188242673
0.984636180668104
0.9846668940024158
0.9846982672631908
0.9847281423125359
0.9847588913185484
0.9847891230849006
0.9848199791060153
0.9848493190798497
0.9848798897273587
0.9849107100767727
0.9849416196054384
0.9849719583868927
0.9850018156003875
0.9850318868440865
0.9850618867443841
0.9850922790333895
0.9851228675167488
0.9851529209245975
0.985182813809793
0.9852117078873686
0.98524240338583
0.9852710120898
0.9853008514674444
0.9853317966678108
0.9853616360454552
0.9853912078853443
0.9854197452459128
0.9854490138763459
0.9854789245973917
0.9855081753919744
0.985537872082816
0.9855667126528405
0.985595250013409
0.9856225745361533
0.9856506124929119
0.9856784364194661
0.985707901244253
0.9857360818878144
0.9857654218616488
0.9857949223581365
0.9858238342715624
0.9858528353642401
0.9858806592907943
0.9859089469494577
0.985936217964651
0.985963827861001
0.9859909740252417
0.9860184769064896
0.9860461224745403
0.9860730367727264
0.9861021270446558
0.9861294337315498
0.9861565620599402
0.9861838865826845
0.9862093205052912
0.986236270475178
0.9862636485054734
0.9862902774300539
0.9863185294170167
0.9863444449075829
0.9863712700265173
0.9863993614908269
0.9864261687739109
0.986454081879717
0.9864800330419838
0.986505895024999
0.986533201711893
0.9865597771289223
0.9865859244855432
0.9866121431855654
0.9866395568875616
0.986665436706427
0.986690638762979
0.9867168039554503
0.9867411498911852
0.9867667086647444
0.9867919999005481
0.9868180759137676
0.9868440270760345
0.9868696928646957
0.9868953229816563
0.9869200434702488
0.9869456735872093
0.986971464226823
0.9869960420286126
0.9870208695323072
0.9870463747983153
0.9870716303624183
0.9870958871189015
0.9871201617112351
0.9871454172753381
0.9871698702261752
0.9871938772807534
0.9872197927713195
0.9872450483354226
0.9872692515843547
0.9872933299823344
0.9873178364407226
0.9873429493180228
0.9873669920443018
0.9873918908913978
0.9874163795139356
0.9874412426893309
0.9874653745948616
0.987489845381549
0.9875138167644265
0.9875388761341757
0.9875627048302503
0.9875874966622442
0.9876126630470955
0.9876378651036475
0.987662639099791
0.987686432124165
0.9877116698524177
0.9877355698918937
0.9877585603030017
0.9877820857896203
0.9878060928441985
0.9878280666118362
0.9878505041115831
0.9878737798962968
0.9878972518753644
0.9879210092280376
0.9879441958334995
0.9879665798256954
0.987988999489592
0.9880120255724006
0.9880347127740525
0.9880571859455002
0.9880795877735464
0.98810286355826
0.9881261750146744
0.9881493081125852
0.9881729227784556
0.9881959488612643
0.9882179583006027
0.9882407168456561
0.9882614599396192
0.9882844325148769
0.9883079223297948
0.9883291648275679
0.9883510137442532
0.9883736296025036
0.9883943726964668
0.9884157578810427
0.9884372144090201
0.9884583498916911
0.9884798955989204
0.9885033319062873
0.9885254305248774
0.9885470297396577
0.9885684684317847
0.9885897466012585
0.9886107929046778
0.988632088910002
0.9886530638700198
0.9886750554735079
0.9886975108091052
0.9887189495012322
0.9887400493122025
0.9887607924061657
0.9887819813963877
0.9888034022526644
0.9888238599730219
0.988844692246237
0.9888657920572073
0.9888871772417832
0.9889095433981288
0.9889298762675338
0.9889504231671431
0.9889706668572964
0.9889923552513284
0.9890136512566526
0.9890347153959222
0.989055636848389
0.9890768080027608
0.9890966414683559
0.9891162787395971
0.9891367542958049
0.9891563737311958
0.9891765104062469
0.9891984128304832
0.9892192986112492
0.9892393461070486
0.9892599821859096
0.989279227068443
0.9893004517303657
0.9893210521375261
0.9893412066484275
0.9893610044423219
0.9893805703701617
0.9894007427169135
0.9894200411069979
0.9894393216612319
0.9894593334853305
0.9894791134433746
0.9894990004165207
0.9895181204481016
0.989538274959003
0.9895575555132371
0.9895776208448868
0.9895968835632705
0.9896165029986613
0.9896363007925557
0.9896553851524359
0.98967416630286
0.9896938392458019
0.9897131376358863
0.9897323646825693
0.9897511636688437
0.9897711754929424
0.9897907057490813
0.9898096830938594
0.9898290884990459
0.989848065843824
0.9898660087092814
0.9898836305294324
0.9899015377231891
0.9899202832019125
0.9899389038296834
0.9899570607253451
0.9899768406833891
0.9899948548922479
0.9900134220124678
0.9900327204025522
0.9900511270001189
0.9900704432260536
0.9900882077330075
0.9901065964947239
0.9901238615978678
0.9901428924501969
0.9901617271081721
0.9901798126604323
0.9901970420918755
0.9902153595101905
0.9902326424491847
0.9902507993448464
0.9902682249706435
0.9902865780606591
0.9903037539845513
0.9903216255066073
0.9903397824022689
0.9903577609394271
0.9903753470878773
0.9903938785363965
0.9904117678943029
0.9904300853126178
0.9904471542214078
0.9904643479811504
0.9904818449503489
0.9904987890081863
0.9905160184396296
0.9905332121993721
0.9905509410346253
0.9905672965094011
0.9905834379539726
0.9906014343269811
0.9906182178621654
0.9906364282653781
0.9906536576968213
0.9906709049641149
0.990688829993722
0.9907054351704028
0.9907220403470836
0.990738984404921
0.9907561424929628
0.9907739248357671
0.9907909937445571
0.9908082945194018
0.9908259341754032
0.9908422539784782
0.9908582884079477
0.9908753929884384
0.9908911777160029
0.9909084606549972
0.9909244237410652
0.990941938546114
0.990958401035992
0.9909744354654614
0.9909910941496932
0.9910066826829037
0.9910243045030547
0.9910405172910276
0.9910570867960077
0.9910745124218048
0.9910916705098466
0.9911079189695202
0.9911239533989896
0.9911398629775066
0.9911557368843228
0.9911723063893029
0.9911885726848269
0.9912045714425956
0.9912209090815209
0.9912369613468407
0.9912538518971271
0.9912693869227865
0.9912858315768142
0.9913018303345829
0.991317401031943
0.991333863521821
0.9913495412342832
0.9913654508128001
0.9913800583742411
0.9913967348943233
0.9914123412633842
0.9914282330060508
0.9914443031072209
0.9914595884309754
0.9914748915905802
0.9914899628841305
0.9915056405965927
0.9915209794278983
0.9915358901987953
0.9915518176131626
0.9915670672652164
0.9915829768437333
0.9915974060466708
0.9916111574872947
0.9916256223619329
0.9916401764158228
0.9916553190527745
0.9916701406444197
0.9916845520115067
0.9916987671842399
0.991713481760783
0.9917284817109318
0.9917435351686316
0.9917584102678279
0.9917730535009696
0.9917885350190779
0.9918031782522196
0.9918177144702592
0.9918328035996599
0.9918476251913051
0.9918629461867603
0.991877339717997
0.9918923753398464
0.9919076784994513
0.9919220185231369
0.9919361445166183
0.9919503953610521
0.9919642181450775
0.9919795213046824
0.9919940040151709
0.9920074879180395
0.9920219349568273
0.992036025278608
0.9920505258249469
0.9920642772655708
0.9920775828099359
0.9920915126090634
0.9921055672591433
0.9921201034771829
0.9921342473065147
0.9921480879263904
0.9921619463821165
0.9921766966303603
0.992191036654046
0.9922045740644656
0.9922181114748853
0.9922315775419035
0.9922448295787175
0.9922589020646478
0.9922722254448633
0.9922859412137864
0.9923008698205338
0.9923145499177563
0.9923287115829383
0.9923422846650587
0.992355857747179
0.9923687530669859
0.9923819159245482
0.9923952571406139
0.9924084021623258
0.9924224924841065
0.9924357445209205
0.9924499953653544
0.9924636041191754
0.9924778371277589
0.9924911961796751
0.9925041271711826
0.9925174327155477
0.9925313446788249
0.992544703730741
0.9925579736034054
0.9925708867590626
0.9925837285713184
0.9925955180684032
0.9926085204033122
0.9926218972910786
0.9926345429089806
0.9926470993476307
0.992660066010839
0.9926728543155438
0.9926855891126974
0.9926978423418915
0.9927111478862566
0.9927238826834103
0.9927368850183192
0.9927489063814587
0.992762069239021
0.992775125081481
0.9927888051787035
0.9928009335569451
0.992813079771037
0.9928244590435638
0.9928367122727578
0.9928495540850136
0.9928629488086305
0.9928760581586416
0.9928881687010328
0.9929004932736283
0.992914280385953
0.9929255704792279
0.9929381447537284
0.9929501126093169
0.9929621874800074
0.9929752433224674
0.9929877819252673
0.9929991076902429
0.9930116462930427
0.9930244524335978
0.9930363132740841
0.993049208593891
0.9930607662249212
0.9930731799767685
0.9930857899229697
0.9930980074804631
0.9931109206361203
0.9931227636407561
0.9931352844077056
0.9931472344274437
0.9931586315358207
0.9931696362554899
0.9931821213507386
0.9931943210723816
0.9932073055714402
0.9932194517855322
0.993231241282617
0.9932426562268444
0.9932545884107321
0.9932670199984297
0.9932781495690514
0.9932899747378369
0.9933007297556011
0.9933120733564271
0.9933236309874574
0.9933353669769911
0.9933463181891092
0.9933577688050373
0.9933694869587207
0.9933804024991382
0.9933921028169712
0.9934031788800418
0.9934143084506635
0.9934264189930547
0.9934378517731325
0.9934494807475641
0.9934608065125398
0.9934712939925486
0.9934821916971157
0.9934937493281459
0.9935052177799244
0.9935160976486411
0.9935282260268827
0.9935394982843073
0.9935510202436368
0.9935615255594961
0.9935724232640631
0.9935835171629841
0.9935943613600001
0.9936057763042275
0.9936162281125357
0.9936266442491432
0.9936375597895606
0.9936487071960326
0.9936594087062458
0.9936701993957108
0.9936808473983729
0.993690942489674
0.9937018580300915
0.9937125952120054
0.9937237426184774
0.9937346046513438
0.9937451456389037
0.9937564714038793
0.9937674582876982
0.9937788375602249
0.9937896639213906
0.9937997411768413
0.993811423658824
0.9938212690482201
0.99383181003578
0.9938423331874896
0.99385189320328
0.9938626482210443
0.9938730643576518
0.9938830524338508
0.9938936647648122
0.9939044019467261
0.9939153709946946
0.9939257871313021
0.9939366491641685
0.9939471901517284
0.9939579808411934
0.9939676835437866
0.9939780283369927
0.9939882661150966
0.9939978439667374
0.9940083492825966
0.9940189437777077
0.9940293599143152
0.9940400614245284
0.9940501565158295
0.9940601980995796
0.9940704537135339
0.9940802812670796
0.9940900018055232
0.9941006676440357
0.9941107627353368
0.994120857826638
0.9941319695614093
0.9941425283848195
0.9941520527289093
0.9941617554315025
0.9941711370887895
0.9941809289706345
0.994190292792071
0.9941998528078615
0.9942099122274619
0.9942192225413474
0.9942285328552329
0.9942388598125886
0.9942494721435501
0.9942592818612455
0.9942690915789408
0.9942792758494937
0.9942891034030394
0.9942992341660413
0.9943088655252331
0.9943185325561257
0.994327985556814
0.9943376882594073
0.9943472661110481
0.9943568439626889
0.9943664931577311
0.9943763563829775
0.9943855240100601
0.9943946202937413
0.9944037879208238
0.9944134014441653
0.9944238532524735
0.9944329317003043
0.9944430267916055
0.9944524262847427
0.994461629583526
0.994470565344554
0.9944802145395962
0.9944893643308285
0.9944983000918565
0.9945072180170341
0.9945168672120763
0.9945258208089547
0.9945352381379423
0.9945442274065214
0.9945526994354401
0.9945628480342923
0.9945716411085175
0.9945807373921987
0.9945901012136352
0.9945990548105136
0.9946079192281402
0.99461694416842
0.9946260939596522
0.9946361177075519
0.9946450713044303
0.9946541497522611
0.9946628179755338
0.9946723958271746
0.9946821520373189
0.994691694217259
0.994700629978287
0.9947094587242129
0.9947182696342884
0.994727080544364
0.9947357309317862
0.9947447202003653
0.9947531743934337
0.9947622528412645
0.9947708497211357
0.9947800886916197
0.9947890422884981
0.9947973537947636
0.9948061468689888
0.9948151183017175
0.9948235189872349
0.9948325974350657
0.9948415153602433
0.994850736494877
0.9948596544200546
0.9948684831659805
0.994877793479866
0.9948862655087848
0.994894915896207
0.994903298745874
0.9949116637596906
0.9949203854905144
0.9949285543099772
0.9949373652200527
0.9949460691150261
0.9949541844269378
0.9949626207841559
0.9949711463206257
0.9949798858872998
0.994988678961525
0.9949970261394913
0.9950053376457568
0.9950137740029749
0.9950219071507369
0.9950305040306081
0.9950392435972822
0.9950484112243648
0.9950569724325353
0.9950656228199576
0.9950745050734345
0.9950820853098356
0.9950900044273933
0.9950980305600532
0.9951065025889719
0.9951149211103396
0.9951231434373534
0.9951313122568162
0.9951391778668228
0.9951481849712522
0.9951566034926199
0.9951646474611302
0.9951728341164433
0.9951813953246138
0.9951899565327843
0.9951983393824513
0.9952059909622537
0.995213036123144
0.9952212584501579
0.9952297126432262
0.9952383273589478
0.9952462643123559
0.9952537375336548
0.9952619063531175
0.9952695757687703
0.9952775305580287
0.9952858420642943
0.9952942070781109
0.9953020548522672
0.995310277179281
0.9953182498043898
0.9953258478766411
0.9953341058753556
0.995341151036246
0.9953486599292456
0.9953560261354423
0.9953641236115036
0.995371721683755
0.995380657444783
0.9953882198453337
0.99539556821568
0.9954032554671831
0.9954109248828359
0.9954182910890326
0.9954253362499229
0.9954323635749629
0.9954401400057178
0.9954477202421188
0.9954553004785198
0.9954631304168258
0.9954705144588729
0.9954780055160222
0.9954858889618792
0.9954932016605248
0.9955000327912109
0.9955079875804693
0.9955152646074142
0.9955224702909578
0.9955298721688552
0.9955372562109024
0.9955452110001608
0.9955521134742483
0.9955601217710578
0.9955675414848056
0.9955748541834513
0.9955819885235934
0.9955892655505383
0.9955973095190486
0.9956054426668106
0.9956126126786534
0.9956205674679118
0.9956273450910469
0.9956343902519372
0.9956419348166375
0.9956488551265754
0.9956559716308672
0.9956635161955675
0.9956706683715599
0.9956782307721106
0.9956856326500081
0.995692356765592
0.9957002223755986
0.9957072853723393
0.9957148299370396
0.9957221069639846
0.9957295980211338
0.9957364113159696
0.9957440807316223
0.9957507691755055
0.9957580818741512
0.9957656442747018
0.9957729748091978
0.9957798237757343
0.9957871186385295
0.9957943956654745
0.9958018332150727
0.9958085216589558
0.9958149425650837
0.9958219163825727
0.9958288545283609
0.9958360958836051
0.9958430518652437
0.9958504715789915
0.9958574632323308
0.9958645440649219
0.9958710184786008
0.9958779209526883
0.995885287158885
0.9958924036631768
0.9958996806901217
0.9959064761491071
0.995913449966596
0.9959200135595268
0.9959273976015739
0.9959341930605593
0.9959410420270958
0.9959479980087343
0.9959543297356105
0.9959608576568405
0.9959680455045337
0.9959749479786212
0.9959816364225044
0.9959886102399933
0.9959955840574822
0.9960026827259236
0.9960095316924601
0.9960165233457994
0.9960229977594783
0.9960296862033615
0.9960364994981973
0.9960430987628287
0.996049287802902
0.9960562437845406
0.9960632711095806
0.9960693709704022
0.9960762734444897
0.9960826408430665
0.9960890439133441
0.9960955896704244
0.9961024564728113
0.9961093589468988
0.9961156906737749
0.9961223612818078
0.9961289605464392
0.9961352209299139
0.9961419450454978
0.9961483124440746
0.9961549117087061
0.9961614574657864
0.9961684669549761
0.9961751375630089
0.9961813444389326
0.9961881042262173
0.9961946321474473
0.9962011065611263
0.9962076166465059
0.9962139483733821
0.9962200303983532
0.9962261124233243
0.9962325333294522
0.9962390434148318
0.996244929245449
0.9962507437326649
0.9962563798613772
0.996263246663764
0.9962697032415926
0.9962758922816659
0.996282170500991
0.9962881811825607
0.9962942810433822
0.9963004700834556
0.9963069980046856
0.996313543761766
0.9963196436225875
0.9963257969909601
0.9963324140914419
0.996338139399406
0.9963442214243771
0.9963506244946546
0.9963571345800343
0.9963631630974543
0.9963689775846701
0.9963747207284845
0.9963811773063131
0.9963872414954339
0.9963930916543504
0.996399191515172
0.9964054518986467
0.9964118371330739
0.9964174375900855
0.9964239120037645
0.9964299405211845
0.9964359512027542
0.9964422472579296
0.9964484184621526
0.9964548215324301
0.996461242438558
0.9964673779710803
0.9964733708167997
0.9964802376191865
0.9964865515102123
0.9964924195049791
0.9964985728733518
0.9965044408681186
0.9965103980421373
0.9965161768576524
0.9965220091807185
0.9965279128471861
0.9965344050967154
0.996539952046176
0.9965462659372017
0.99655220527537
0.9965572171493199
0.9965639591007542
0.99656977358797
0.9965758021053901
0.9965816879360073
0.9965875024232231
0.996593067208534
0.996598988710852
0.9966041967791557
0.9966104036550794
0.9966161646347441
0.9966218364351571
0.996627151518563
0.9966330016774795
0.9966388696722464
0.99664457714436
0.996650748348583
0.9966564379848464
0.996662091949409
0.9966675675554681
0.9966731680124797
0.9966790181713963
0.9966846007925575
0.9966904331156237
0.9966957303631792
0.9967008849239318
0.9967060394846845
0.9967119253153017
0.996717062040204
0.9967226089896646
0.9967285304919825
0.9967342379640962
0.9967394103606992
0.9967449394743094
0.9967509501558791
0.9967563365826864
0.996761990547249
0.9967673948099066
0.996772032130999
0.9967774899012077
0.996782929835566
0.9967881200680194
0.9967932032853707
0.996798286502722
0.9968037264370803
0.9968091128638875
0.996814963022804
0.9968205456439653
0.996826003414174
0.9968313898409813
0.9968372935074489
0.9968423410530994
0.996847745315757
0.9968531495784146
0.9968585538410722
0.996863208998015
0.9968685954248222
0.9968738034931259
0.9968791185765318
0.9968848082127951
0.996890372998106
0.9968953313645048
0.9969005037611078
0.9969061220539698
0.9969113836298246
0.9969164311754751
0.9969212646909215
0.9969260982063678
0.996931680827529
0.996936799716581
0.9969425428603954
0.996947947123053
0.9969531373555064
0.9969582740804087
0.9969630719241542
0.9969690112623225
0.9969738982853199
0.9969792668762768
0.9969843500936281
0.9969892549524758
0.9969946948868341
0.996999153849423
0.9970044332611281
0.9970097840162346
0.9970150277562391
0.9970205033622982
0.9970261929985615
0.9970318647989745
0.9970366269710194
0.997041728024221
0.9970466685547694
0.9970520906532774
0.9970575662593365
0.997062917014443
0.9970677862015901
0.9970724413585328
0.9970777207702379
0.9970824829422827
0.9970878872049403
0.9970926493769852
0.9970979287886903
0.9971030476777423
0.9971076136554332
0.9971124828425802
0.9971176374033329
0.9971231308452424
0.9971280178682398
0.9971330832497407
0.9971377562425338
0.9971428572957354
0.9971479048413859
0.9971533447757442
0.997158053440238
0.9971624588952758
0.9971674529333753
0.9971724826431755
0.997177280486921
0.9971819713155644
0.9971866443083575
0.9971908892407421
0.9971957584278891
0.9972003422414304
0.9972053184436795
0.9972111686025961
0.997216233984097
0.9972215669033532
0.9972260615376427
0.9972309663964904
0.9972358177477871
0.9972403837254781
0.9972452172409244
0.9972496940393636
0.9972540994944014
0.9972595394287597
0.9972641589140017
0.9972693669823054
0.9972738081090439
0.997278284907483
0.997283100587079
0.9972874525345657
0.9972925535877674
0.9972972265805604
0.9973020779318571
0.9973068044322012
0.997311709291049
0.9973166854932981
0.9973218578899011
0.9973262990166396
0.9973313822339909
0.9973356806739265
0.9973404606818217
0.9973450266595126
0.9973494321145504
0.9973538197337378
0.9973578506359181
0.9973622025834048
0.9973672501290554
0.9973720836445017
0.9973770241750501
0.997381786347095
0.9973863701606362
0.9973911323326811
0.9973958588330252
0.9974004426465665
0.9974045270562978
0.9974089503471859
0.9974131061003186
0.9974176007346082
0.9974220953688977
0.9974269645560447
0.997430995458225
0.9974355792717663
0.9974401274136069
0.9974446042120461
0.9974490453387845
0.9974534507938223
0.9974584269960715
0.9974630286454631
0.9974676124590044
0.9974727848556074
0.9974772616540466
0.9974818276317375
0.9974863936094285
0.9974912984682762
0.9974955969082119
0.9974998418405965
0.9975042472956342
0.9975083138695152
0.9975126836528523
0.9975169999286383
0.9975212270251725
0.9975254897934075
0.9975300379352481
0.9975343185393334
0.9975387953377726
0.9975430581060075
0.9975472673666914
0.9975514409556746
0.9975558464107124
0.9975596632826884
0.9975641935886786
0.997567725087049
0.9975721483779372
0.9975765003254239
0.9975802101822978
0.997584686980737
0.9975892172867272
0.9975935692342139
0.9975978498382992
0.9976021482782349
0.9976066250766741
0.9976110662034126
0.9976151862848446
0.9976190566643717
0.997623640477913
0.9976277783951953
0.9976315417596203
0.9976361612448623
0.9976404775206483
0.9976447046171826
0.9976488782061658
0.9976529804517474
0.9976567973237235
0.9976608995693051
0.9976650731582883
0.9976693359265233
0.9976729922758462
0.9976773442233329
0.9976818923651735
0.997686083790007
0.997690649767698
0.9976948055208307
0.9976993179909706
0.9977036164309062
0.9977075046462837
0.9977116960711172
0.997715102718535
0.9977191157848649
0.9977233428813992
0.9977275878137838
0.9977315830442633
0.9977359528276004
0.9977402334316857
0.997744514035771
0.9977484200869988
0.9977523261382266
0.9977563927121076
0.9977606554803425
0.9977648290693257
0.9977689313149074
0.997773176247292
0.9977769039400163
0.9977809883497476
0.9977854473123364
0.9977895138862174
0.9977932950864927
0.9977971476301695
0.9978010715172476
0.9978044960005158
0.9978081523498387
0.99781223675957
0.9978165887070567
0.9978206017733866
0.9978245791680158
0.9978282355173387
0.9978321594044168
0.9978361189631957
0.997840149865376
0.9978445018128627
0.9978486575659954
0.997852349587019
0.9978560237721922
0.9978595195988618
0.9978633364708378
0.9978672960296167
0.9978706313336331
0.9978744303697588
0.997878407764388
0.9978822603080647
0.997886291210245
0.9978903221124252
0.997893871446646
0.997897938020527
0.9979016835491016
0.9979051793757712
0.9979088178892437
0.9979126525970701
0.9979161305878893
0.9979196442504092
0.9979237286601406
0.9979274563528648
0.9979309343436841
0.9979342161401494
0.9979378368177716
0.9979419390633533
0.9979455597409754
0.9979495371356046
0.99795331833588
0.9979571530437064
0.9979607558854782
0.99796435872725
0.9979679794048721
0.9979721529938553
0.9979761838960356
0.9979796618868548
0.9979835501022323
0.997987402645909
0.9979912551895858
0.9979948758672079
0.9979981041561222
0.9980020815507514
0.9980056308849722
0.9980090910399411
0.9980128722402164
0.9980162788876342
0.9980197212067528
0.9980231456900209
0.9980265880091395
0.9980298162980538
0.9980337401851319
0.9980373608627541
0.9980411063913287
0.998044834084053
0.9980479910295659
0.9980515938713377
0.9980554107433137
0.9980589065699833
0.9980625094117551
0.9980662727761801
0.9980701788274079
0.9980738708484315
0.9980775271977543
0.9980805949640155
0.9980838232529298
0.9980873547513002
0.998090814906269
0.9980942037178365
0.9980978600671594
0.9981011953711758
0.9981044950034915
0.9981080265018619
0.9981116115077834
0.9981155710665622
0.9981189598781297
0.9981225627199015
0.9981262725767754
0.9981297505675947
0.9981328896772572
0.9981365281907297
0.9981399170022972
0.9981434128289668
0.9981464805952279
0.9981498337350947
0.9981532938900636
0.9981569145676857
0.9981606244245597
0.9981641024153789
0.9981674377193953
0.99817068384416
0.998174001312326
0.9981766945257297
0.9981800833372971
0.9981834008054632
0.9981868966321328
0.9981897146964889
0.9981935315684649
0.9981966706781275
0.9982005767293552
0.9982040903918752
0.998207193829837
0.998210707492357
0.9982139001095706
0.998217485115492
0.9982215160176723
0.998224869157539
0.9982280974464534
0.9982312008844152
0.998234250814826
0.9982371402225836
0.9982402614963958
0.9982439178457186
0.9982471639704833
0.9982512305443643
0.9982545123408296
0.9982575979429411
0.9982608262318554
0.998263715639613
0.9982667655700238
0.9982704219193467
0.9982739890894178
0.9982772708858831
0.9982807488767024
0.9982844408977259
0.9982875086639871
0.9982904515792957
0.9982938582267136
0.9982971043514782
0.9983006358498486
0.9983037571236608
0.9983069854125751
0.998310392059993
0.9983135490055058
0.9983165632642159
0.9983198450606813
0.998322645289187
0.9983257843988496
0.99832881649341
0.9983319199313718
0.9983352373995379
0.9983385191960032
0.9983416226339651
0.9983445833851241
0.9983475263004328
0.9983510221271024
0.9983538580273088
0.9983568722860189
0.9983600113956814
0.9983634002072489
0.9983664858093604
0.9983693573812675
0.9983727997003861
0.9983754929137897
0.9983788460536565
0.9983818068048155
0.998384892406927
0.998388209875093
0.9983916700300619
0.9983949518265273
0.9983978412342849
0.9984010695231992
0.9984042978121135
0.9984072407274222
0.9984101658068805
0.998413251408992
0.9984161229808991
0.9984194047773645
0.9984221514983191
0.9984253976230838
0.9984281621798888
0.998431033751796
0.9984338874878528
0.998437062269216
0.9984401300354772
0.9984426448903773
0.9984453737754816
0.9984483880341917
0.9984514914721535
0.9984547732686189
0.9984576091688253
0.9984605164124333
0.9984635485069937
0.9984663130637987
0.9984696305319648
0.9984725556114231
0.9984752666606771
0.9984785841288432
0.9984812238346957
0.9984842380934058
0.9984868242917073
0.9984896958636145
0.9984922285543649
0.9984947969168161
0.998497704160424
0.9985006649115831
0.9985036256627421
0.9985064793987989
0.9985094044782572
0.998512258214314
0.9985151297862211
0.9985177694920737
0.9985205697205795
0.9985233521132348
0.9985261523417406
0.9985288990626953
0.9985315387685478
0.9985343925046046
0.9985375316142672
0.9985406707239297
0.9985436314750887
0.9985466100620981
0.998549767007611
0.998552674251219
0.9985553674646226
0.9985580785138766
0.998561110608437
0.9985637859859903
0.998566586214496
0.9985692615920493
0.9985719904771536
0.9985749333924623
0.9985775730983149
0.998580694372127
0.9985836194515854
0.9985864731876422
0.9985891485651954
0.9985919666295515
0.9985950165599623
0.9985974957431617
0.9986005635094228
0.9986029178416698
0.9986056110550734
0.99860794755147
0.9986104445705197
0.998613369649978
0.9986162947294364
0.9986191484654932
0.9986221270525025
0.9986251769829133
0.9986279593755687
0.998630634753122
0.9986334706533284
0.9986362708818342
0.9986390889461902
0.9986417821595939
0.9986444575371471
0.9986475431392586
0.9986498617998049
0.9986525906849092
0.9986551233756596
0.9986581554702201
0.9986609913704265
0.9986636667479798
0.9986663242896827
0.9986691245181885
0.9986717820598914
0.9986744931091454
0.9986770971432972
0.9986796833415987
0.9986821268530974
0.9986847843948004
0.9986872100704487
0.9986895644026956
0.9986926321689568
0.9986955215767144
0.9986981434467166
0.998700925839372
0.9987033158433196
0.9987059198774715
0.9987088806286305
0.9987116808571362
0.9987145524290434
0.9987171742990456
0.998719653482245
0.9987219186352402
0.9987243799825892
0.9987268591657886
0.9987293205131377
0.9987317818604867
0.998734706939945
0.998737417989199
0.9987393977685884
0.9987421088178424
0.998744391806688
0.998746906661588
0.9987494393523385
0.9987520433864904
0.9987544512262884
0.9987569125736374
0.9987594631002382
0.9987618887758866
0.9987639934062285
0.9987662407233733
0.9987687912499741
0.9987715736426295
0.9987738387956246
0.9987766568599807
0.998779029028078
0.998781383360325
0.9987839338869258
0.9987863417267238
0.9987888030740728
0.9987913892723743
0.998793583081968
0.9987960801010177
0.9987986662993192
0.9988010919749676
0.9988033749638131
0.9988053725790529
0.9988076198961977
0.9988099207208936
0.9988123107248412
0.9988144866985845
0.9988166983440285
0.9988192667064797
0.9988218172330805
0.9988242250728785
0.9988269004504318
0.9988295044845836
0.9988321263545858
0.9988346055377852
0.998837102556835
0.998839260694728
0.9988414901760223
0.9988442547328273
0.9988466090650743
0.9988489812331716
0.9988515674314731
0.998853672061815
0.9988559015431093
0.998858291547057
0.9988605923717528
0.9988631250625033
0.9988655329023013
0.9988676732043439
0.9988701167158426
0.9988722213461845
0.9988745400067307
0.9988766089653719
0.9988786957598634
0.9988808717336067
0.9988832260658537
0.9988853306961956
0.9988873996548367
0.9988898074946347
0.998891983468378
0.9988942129496724
0.9988967456404229
0.9988992248236223
0.9989013472898145
0.9989037194579118
0.9989058062524033
0.9989082675997524
0.9989103722300943
0.998912316337783
0.9989144744756759
0.998916935823025
0.9989192188118705
0.998921501800716
0.998923856132963
0.9989264601671148
0.99892872532011
0.9989305267409959
0.998932542192086
0.9989348786884826
0.9989371616773282
0.998939462502024
0.9989415849682163
0.9989437252702589
0.9989456515420972
0.9989477561724391
0.9989498429669307
0.9989521437916266
0.9989545337955742
0.9989565670825147
0.998958939250612
0.9989612222394575
0.9989631841829966
0.998965663366196
0.9989678928474903
0.9989703006872883
0.9989718345704188
0.9989739748724614
0.998976061666953
0.9989782019689956
0.9989803244351878
0.9989824112296793
0.998984854741178
0.9989869772073703
0.9989890818377122
0.9989909367661491
0.9989931662474435
0.9989953957287379
0.9989971614779231
0.9989992126007139
0.9990010496933005
0.9990036002199013
0.9990057583577943
0.999007755973034
0.9990098070958249
0.9990119830695682
0.9990140698640597
0.9990159783000477
0.9990180294228386
0.9990204729343373
0.9990228807741353
0.9990244324931161
0.9990264479442063
0.999028392051895
0.999030300487883
0.9990322981031228
0.9990342422108115
0.9990363825128541
0.9990386119941485
0.9990409128188443
0.9990429282699345
0.9990448723776232
0.9990468343211623
0.9990487605930006
0.999050686864839
0.9990526844800788
0.99905475343872
0.9990566262030073
0.9990588378484513
0.9990605857617861
0.9990624228543727
0.9990644026337622
0.9990663467414509
0.9990684513717928
0.9990703954794815
0.9990727319758781
0.9990741945156072
0.999075888921391
0.9990779043724811
0.9990798484801698
0.9990820244539131
0.9990838793823501
0.9990857878183381
0.9990877497618772
0.9990898543922191
0.999091709320656
0.9990934929056916
0.9990951338039243
0.9990971670908648
0.9990988614966486
0.9991005737382828
0.9991025178459715
0.9991049613574702
0.9991071194953631
0.999109170618154
0.999111079054142
0.9991129518184293
0.9991147175676145
0.9991168757055074
0.9991188911565976
0.9991207639208849
0.9991226366851722
0.9991244559419085
0.9991262751986447
0.9991280052761292
0.9991300742347704
0.9991321431934116
0.9991341051369507
0.999135977901238
0.9991379933523281
0.9991396877581119
0.9991415961940999
0.9991433262715844
0.9991450206773682
0.9991469647850569
0.9991490337436981
0.9991506924777812
0.999152333376014
0.9991544023346551
0.9991563999498949
0.9991580408481276
0.9991600027916667
0.9991617863767023
0.9991635699617378
0.9991648541429634
0.9991667804148018
0.9991688137017423
0.9991705616150771
0.9991723987076637
0.9991740752775972
0.9991760015494355
0.9991778029703214
0.9991799254365137
0.9991816198422975
0.999183403427333
0.9991852761916203
0.9991868635823019
0.9991888611975417
0.9991905020957744
0.99919228568081
0.9991943546394512
0.9991962274037385
0.9991977256151683
0.9991992951699995
0.99920082905313
0.9992028266683698
0.9992046102534053
0.9992061976440869
0.9992077315272174
0.9992091227235451
0.9992109063085807
0.9992126363860652
0.9992144913145021
0.9992159538542312
0.9992174699015114
0.9992191999789959
0.9992209300564804
0.9992227493132166
0.999224372375599
0.9992259597662806
0.9992277433513161
0.9992295804439028
0.9992314175364894
0.9992327195535653
0.9992343426159477
0.9992358764990782
0.9992375173973109
0.9992393188181968
0.9992409775522799
0.9992427611373155
0.9992441880053439
0.9992459359186787
0.9992474876376596
0.9992490393566404
0.9992508586133767
0.999252231973854
0.9992537836928349
0.9992553354118158
0.9992568514590959
0.9992583496705257
0.9992599548970578
0.9992614531084876
0.9992631831859721
0.9992644673671977
0.9992658228918246
0.9992674102825062
0.9992690155090382
0.9992705493921687
0.9992722081262518
0.9992736528301306
0.9992752223849618
0.9992765422378881
0.9992781653002705
0.9992796278399996
0.999281304409933
0.9992831771742203
0.9992848537441538
0.9992865124782369
0.999288278227422
0.9992896515878994
0.9992911854710299
0.9992928085334123
0.99929469913355
0.9992962686883812
0.9992975528696068
0.9992990154093359
0.9993002639188607
0.9993018156378416
0.9993031354907679
0.9993044910153949
0.9993059892268247
0.9993075409458055
0.9993090569930857
0.9993105016969644
0.9993122139385986
0.9993134446122731
0.9993150676746555
0.9993165837219357
0.9993181176050662
0.99931931260704
0.9993207751467691
0.999322077163845
0.9993235040318734
0.9993248060489494
0.9993262329169778
0.9993276062774551
0.9993293185190892
0.9993305670286141
0.9993320295683432
0.9993334207646709
0.9993349903195021
0.9993367025611363
0.9993382721159675
0.9993399130142002
0.9993416252558344
0.9993431056314138
0.9993444968277415
0.9993462090693757
0.9993475467581523
0.9993491163129835
0.9993505610168623
0.9993517560188361
0.9993531115434631
0.9993546097548929
0.9993561793097241
0.9993580520740114
0.9993595502854412
0.9993610841685717
0.9993623861856477
0.9993639379046285
0.9993651507424527
0.9993667381331343
0.9993683433596663
0.9993696097050415
0.9993710544089203
0.9993725526203501
0.9993736406072218
0.9993750853111005
0.9993762803130743
0.9993775109867489
0.999378973526478
0.999380329051105
0.9993815953964802
0.9993828260701547
0.99938409241553
0.9993856441345108
0.999387160181791
0.9993886405573704
0.9993900317536981
0.9993912445915223
0.9993925466085982
0.9993937772822727
0.9993949722842466
0.9993962029579211
0.9993976476617998
0.9993989675147261
0.9994004300544552
0.9994015893847283
0.9994028378942532
0.9994040150603767
0.9994052100623505
0.9994067261096307
0.9994079211116045
0.999409151785279
0.9994104538023549
0.9994113991024237
0.999412415745894
0.9994133432101124
0.9994147344064401
0.9994161612744685
0.9994172849330409
0.9994185334425658
0.9994198711313425
0.9994211374767177
0.9994226356881475
0.9994237593467199
0.9994248830052923
0.9994260066638647
0.9994271303224371
0.9994285393546152
0.9994297165207386
0.9994310363736649
0.999432695107748
0.9994339257814225
0.9994353883211516
0.9994364941438737
0.9994378139968
0.9994393657157808
0.999440578553605
0.999441880570681
0.999443289602859
0.9994447878142888
0.999446303861569
0.9994478020729988
0.9994490149108229
0.9994501920769464
0.9994513870789202
0.9994525999167444
0.9994537949187182
0.999455293130148
0.999456648654775
0.9994581290303545
0.9994591456738248
0.9994602693323972
0.9994615356777724
0.9994627663514469
0.9994641040402236
0.999465227698796
0.9994662443422663
0.9994676177027436
0.9994689553915203
0.9994704179312494
0.9994716129332232
0.9994729684578502
0.9994740029371708
0.999475269282546
0.999476624807173
0.9994777127940447
0.9994788721243179
0.9994800492904413
0.9994813513075173
0.9994826711604435
0.9994839553416691
0.9994850790002415
0.999486309673916
0.9994873263173863
0.9994884499759588
0.9994896984854836
0.9994909826667092
0.9994920706535809
0.9994933548348065
0.9994943893141272
0.9994956021519513
0.9994966723029727
0.9994978316332458
0.9994989374559679
0.999500150293792
0.9995012204448134
0.9995021300731814
0.9995035569412098
0.9995045379129794
0.999505518884749
0.9995067673942739
0.9995081407547513
0.9995092109057726
0.9995099956831882
0.9995110658342096
0.9995122251644827
0.999513295315504
0.9995143654665254
0.9995156318119006
0.9995166662912213
0.9995180753233993
0.9995193416687745
0.9995207328651022
0.9995219992104775
0.9995231585407506
0.9995242108559216
0.9995252631710926
0.9995263511579643
0.9995275996674892
0.9995286163109595
0.9995294724317765
0.9995307209413014
0.9995316662413701
0.9995330217659971
0.9995340027377667
0.9995350550529377
0.999536071696408
0.999536874309674
0.999537980132396
0.9995388719249138
0.9995399777476358
0.9995414402873649
0.9995426174534884
0.9995436162611083
0.99954470424798
0.9995458635782531
0.9995469158934241
0.9995479147010441
0.9995488956728137
0.9995498409728825
0.9995509646314549
0.9995519634390748
0.9995531227693479
0.9995539967260153
0.9995549598619345
0.9995560121771055
0.9995567434469701
0.9995574747168346
0.9995584735244546
0.9995593653169723
0.9995602214377893
0.999561309424661
0.9995623795756824
0.999563360547452
0.9995643593550719
0.9995655008494947
0.9995664283137131
0.9995672130911287
0.9995683010780004
0.9995691571988174
0.9995702451856892
0.9995712618291595
0.9995723854877319
0.9995736339972567
0.9995747933275299
0.9995757029558979
0.9995765234050142
0.9995775222126342
0.9995788063938598
0.9995800192316839
0.9995810893827053
0.9995820703544749
0.999582979982843
0.9995839787904629
0.9995848705829806
0.9995856553603962
0.9995864044661111
0.9995872784227785
0.9995880453643438
0.9995890798436644
0.9995899181286311
0.9995907029060467
0.9995914341759112
0.999592325968429
0.9995931107458446
0.9995940917176142
0.9995951440327852
0.9995962676913576
0.9995971238121746
0.9995980156046923
0.9995990679198633
0.99959990620483
0.9996009228483003
0.999601814640818
0.9996027421050364
0.9996036517334045
0.9996044543466704
0.9996052926316371
0.9996064697977606
0.9996072902468769
0.9996082533827961
0.9996091808470146
0.9996101261470833
0.9996110536113018
0.9996119275679691
0.9996128550321876
0.999613532794501
0.9996142640643656
0.9996148169757266
0.9996155660814415
0.9996168145909664
0.9996174745174295
0.9996181701155934
0.9996192402666148
0.9996200963874318
0.9996209881799495
0.9996217551215147
0.9996225577347807
0.9996233425121963
0.999624430499068
0.9996255006500894
0.9996264102784574
0.9996271593841723
0.9996278549823362
0.9996285327446497
0.999629299686215
0.999630155807032
0.9996311189429512
0.9996320285713193
0.9996327420053335
0.9996332235732931
0.9996343829035662
0.9996352033526825
0.9996360238017988
0.9996368799226159
0.9996375220132286
0.9996382532830932
0.9996389667171074
0.9996396444794209
0.9996406967945919
0.9996413388852047
0.9996419453041168
0.9996428727683352
0.9996437467250026
0.9996447990401736
0.9996457800119432
0.9996464399384063
0.9996471177007198
0.9996479024781354
0.9996489012857553
0.9996497038990213
0.9996503459896341
0.9996512199463015
0.9996521652463702
0.9996529321879355
0.9996536812936504
0.9996543055484128
0.9996549298031753
0.9996557859239923
0.9996565171938568
0.9996571414486193
0.9996579262260349
0.9996589250336548
0.9996596741393697
0.9996603697375336
0.9996611366790988
0.9996620463074669
0.9996627597414811
0.999663455339645
0.9996643828038634
0.9996653281039322
0.9996661842247492
0.9996666479568584
0.9996674148984237
0.9996683066909414
0.9996693411702621
0.9996701616193784
0.9996708393816919
0.9996716419949578
0.9996724089365231
0.999673211549789
0.9996738893121025
0.9996744600593139
0.9996752270008792
0.9996760474499955
0.9996767430481593
0.9996776705123778
0.9996784909614941
0.9996791330521069
0.9996798464861211
0.9996805599201353
0.9996814695485033
0.999682254325919
0.9996829142523821
0.9996835028354438
0.9996843411204105
0.9996850902261254
0.9996857501525885
0.9996865349300041
0.9996872126923176
0.9996879439621822
0.9996888535905503
0.9996896383679659
0.9996904588170822
0.9996911722510964
0.9996918678492602
0.9996925991191248
0.9996932947172886
0.9996939724796021
0.9996944897192624
0.9996951674815759
0.9996958274080391
0.9996967727081079
0.9996974147987207
0.9996980390534831
0.999698788159198
0.999699341070559
0.9997001080121243
0.9997009462970909
0.999701552716003
0.9997022661500172
0.9997030152557321
0.9997035503312428
0.9997040497350528
0.9997047096615159
0.9997054052596798
0.9997062613804968
0.9997070639937627
0.9997077595919266
0.9997085978768933
0.9997093826543089
0.9997100782524727
0.9997107381789359
0.9997113089261472
0.999711897509209
0.9997125931073728
0.9997131638545842
0.9997140021395509
0.9997148047528168
0.999715518186831
0.9997162137849949
0.9997166775171041
0.9997174444586694
0.9997178546832276
0.9997186929681943
0.9997193885663581
0.9997199414777191
0.999720637075883
0.9997212434947951
0.9997219034212582
0.9997225276760207
0.9997231697666334
0.9997238475289469
0.9997245431271108
0.9997250960384718
0.9997257202932343
0.999726308876296
0.9997267369367046
0.9997272541763649
0.9997280211179301
0.9997288594028968
0.9997293231350061
0.9997300008973196
0.9997305181369799
0.9997311602275927
0.9997318023182055
0.9997325692597707
0.9997331756786828
0.9997339069485474
0.9997344598599084
0.9997350484429701
0.9997356013543311
0.9997361721015425
0.9997367785204546
0.9997374384469178
0.9997381340450816
0.9997387226281433
0.9997392933753547
0.9997399176301172
0.9997404705414782
0.9997409342735875
0.9997417725585541
0.999742521664269
0.9997431102473308
0.9997436988303925
0.999744430100257
0.9997450900267202
0.9997457142814826
0.9997463385362451
0.999746784432504
0.9997474086872664
0.9997480507778792
0.9997486393609409
0.9997495133176083
0.9997499948855679
0.9997505299610786
0.9997510115290382
0.9997515466045489
0.9997520995159099
0.9997526345914206
0.9997531518310809
0.9997538652650951
0.9997544360123065
0.9997548819085654
0.9997554704916272
0.99975611258224
0.9997567368370024
0.9997573610917648
0.9997580566899287
0.9997585204220379
0.9997590554975486
0.9997597510957125
0.999760428858026
0.9997610709486388
0.999761837890204
0.9997625334883679
0.9997630685638785
0.9997635679676885
0.9997641743866006
0.9997647629696623
0.9997653693885744
0.9997660114791872
0.9997664573754461
0.9997669567792561
0.9997674918547668
0.999767902079325
0.9997685798416385
0.9997690792454484
0.9997696321568095
0.9997702029040209
0.9997710055172868
0.9997715762644982
0.999772218355111
0.9997728782815741
0.9997733420136834
0.9997737522382416
0.9997742694779019
0.9997747153741608
0.9997753217930729
0.9997761065704885
0.9997765167950468
0.9997770340347071
0.9997776047819185
0.9997780506781774
0.9997786214253888
0.9997789067989944
0.9997793526952533
0.9997798342632129
0.9997802266519208
0.9997808152349825
0.9997814573255953
0.9997820280728067
0.9997824026256642
0.9997828663577735
0.9997834192691345
0.9997840256880466
0.9997846677786594
0.9997852385258708
0.9997858271089325
0.9997861838259396
0.9997866475580489
0.9997870042750561
0.9997876463656689
0.9997885024864859
0.9997891267412483
0.9997894834582555
0.9997900720413172
0.9997906427885286
0.999790963833835
0.9997915880885975
0.9997920696565571
0.9997926047320678
0.9997931398075784
0.9997937105547898
0.9997942099585998
0.9997946736907091
0.9997951017511176
0.999795618990778
0.9997960827228872
0.9997965107832958
0.9997969388437044
0.9997975095909157
0.9997978306362222
0.99979822302493
0.9997985619060868
0.9997991504891486
0.9997996677288089
0.9998002028043196
0.9998006843722792
0.9998010410892864
0.9998015404930963
0.9998019328818042
0.9998023609422128
0.9998028068384717
0.9998032884064313
0.9998038591536427
0.9998042693782009
0.9998047509461605
0.9998052325141201
0.9998057497537804
0.999806124306638
0.9998065880387472
0.999807176621809
0.9998076046822175
0.9998081219218778
0.9998086748332389
0.9998092634163006
0.999809834163512
0.9998102443880702
0.9998106011050774
0.9998109934937852
0.9998113145390917
0.999811831778752
0.9998122420033102
0.9998126878995691
0.999813080288277
0.9998135975279373
0.999814186110999
0.9998147390223601
0.9998149352167139
0.9998153454412722
0.9998158270092318
0.99981623723379
0.999816790145151
0.9998173608923624
0.9998177176093695
0.9998180743263767
0.999818591566037
0.9998189661188945
0.9998192514925002
0.9998195547019562
0.9998199649265144
0.9998203394793719
0.9998208210473315
0.9998212847794408
0.9998216236605976
0.999821944705904
0.9998223906021629
0.9998228008267211
0.9998232467229801
0.9998237282909397
0.999824192023049
0.9998245130683554
0.9998251551589682
0.9998256188910775
0.9998261004590371
0.9998265106835953
0.9998269744157046
0.9998274203119635
0.9998278305365217
0.9998282764327806
0.9998286688214885
0.9998291682252984
0.9998296854649588
0.9998301135253673
0.9998305772574766
0.9998310231537355
0.9998313620348923
0.9998318792745526
0.9998324321859137
0.9998328959180229
0.9998333953218329
0.9998338768897925
0.9998343584577521
0.9998347865181607
0.9998350897276167
0.9998356604748281
0.9998360528635359
0.9998364630880942
0.9998367662975501
0.999837158686258
0.9998375867466666
0.9998379791353744
0.999838460703334
0.9998388530920419
0.9998392811524505
0.9998398162279611
0.9998402621242201
0.9998407258563293
0.999841207424289
0.9998415106337449
0.9998418673507521
0.9998422240677592
0.9998426699640182
0.9998431693678281
0.9998435439206856
0.9998439719810942
0.9998442216829991
0.9998445248924551
0.9998450778038162
0.999845416684973
0.9998458625812319
0.9998462549699397
0.9998466651944979
0.9998472359417093
0.9998477175096689
0.9998480028832746
0.9998483952719824
0.99984876982484
0.9998491800493982
0.9998494832588541
0.9998499826626641
0.999850428558923
0.9998508566193316
0.9998511955004884
0.9998516057250466
0.9998519802779041
0.999852372666612
0.9998526937119184
0.999852925577973
0.9998532822949802
0.9998535855044361
0.9998539065497426
0.9998542454308994
0.9998545129686547
0.999855030208315
0.9998554047611725
0.9998558328215811
0.9998561538668875
0.9998565462555954
0.9998568851367522
0.999857224017909
0.999857527227365
0.9998579017802225
0.9998584725274339
0.9998588649161417
0.9998592037972985
0.9998595605143057
0.9998598102162106
0.9998601312615171
0.9998607198445788
0.9998611835766881
0.9998615759653959
0.9998619148465527
0.9998622715635599
0.9998626817881181
0.9998630920126763
0.9998634130579828
0.9998638589542417
0.9998640908202963
0.9998644475373034
0.9998650182845148
0.9998654820166241
0.9998658030619305
0.999866124107237
0.9998664808242441
0.9998667483619994
0.9998671050790066
0.9998675153035648
0.9998678363488712
0.9998682287375791
0.9998685854545862
0.9998689956791444
0.9998692810527501
0.9998696734414579
0.9998701193377169
0.9998705295622751
0.9998708506075815
0.9998711359811872
0.9998714391906431
0.9998718137435006
0.9998721882963582
0.999872580685066
0.9998729195662228
0.9998734011341824
0.9998736508360874
0.999873882702142
0.9998740432247951
0.9998742929267
0.9998746496437072
0.9998749171814625
0.9998752382267689
0.9998755057645242
0.9998759338249328
0.9998762727060896
0.9998766115872464
0.9998769861401039
0.9998772715137095
0.9998774855439138
0.9998779136043223
0.9998782346496288
0.9998785556949352
0.9998788589043912
0.9998793048006501
0.9998796258459566
0.999879946891263
0.9998802679365695
0.9998804641309234
0.9998809100271823
0.9998811775649376
0.9998814451026928
0.9998817839838496
0.99988230122351
0.9998827292839185
0.9998830681650753
0.999883353538681
0.999883656748137
0.9998839242858922
0.9998843523463008
0.9998846733916072
0.9998849409293625
0.9998853511539207
0.9998856543633767
0.9998859040652817
0.9998861716030369
0.9998864748124929
0.9998868315295001
0.9998870455597043
0.9998873487691603
0.9998876698144668
0.9998880086956236
0.9998881870541271
0.9998884902635831
0.9998888291447399
0.9998892215334477
0.9998895604146045
0.9998897744448088
0.9998900063108633
0.9998903808637208
0.9998906305656258
0.999890898103381
0.9998912726562386
0.9998916472090961
0.9998919682544025
0.9998923249714097
0.9998925390016139
0.9998928065393692
0.999893145420526
0.9998935021375331
0.9998937518394381
0.9998939123620912
0.9998941620639962
0.9998944117659011
0.9998946436319557
0.9998949646772621
0.9998953749018203
0.9998957494546779
0.9998960704999843
0.9998964272169915
0.9998966769188964
0.9998970514717539
0.9998973903529107
0.9998976757265163
0.9998979789359723
0.9998982108020269
0.9998984426680815
0.9998987280416871
0.9998990669228439
0.9998993166247488
0.999899673341756
0.999899976551212
0.999900279760668
0.9999004759550219
0.9999007256569268
0.9999010110305324
0.9999013142399884
0.9999015817777437
0.9999018314796486
0.9999019741664514
0.9999022952117579
0.9999024378985607
0.9999027411080167
0.9999029908099216
0.9999032226759762
0.9999034545420308
0.9999037220797861
0.9999040787967932
0.9999043820062492
0.9999046495440045
0.9999049705893109
0.9999052381270662
0.9999056483516244
0.9999059872327812
0.9999061834271351
0.9999064866365911
0.9999066649950946
0.9999068611894485
0.9999070038762513
0.9999072714140066
0.999907592459313
0.9999077886536669
0.9999080918631229
0.9999083415650278
0.9999086269386335
0.9999087874612866
0.9999089836556405
0.9999092333575454
0.9999095365670014
0.9999098219406071
0.9999101964934646
0.9999104283595192
0.999910767240676
0.9999109991067305
0.9999111774652341
0.9999115341822412
0.9999118017199965
0.9999120157502007
0.9999123011238064
0.9999125686615616
0.9999129967219702
0.9999131929163241
0.9999134069465283
0.9999136031408822
0.9999138350069368
0.9999141382163927
0.9999142273956445
0.9999146554560531
0.9999148873221076
0.9999151013523119
0.9999154402334687
0.9999157791146255
0.9999161179957823
0.9999163676976872
0.9999164925486397
0.9999167779222453
0.999917063295851
0.9999173308336062
0.9999175270279601
0.9999176697147629
0.9999178659091168
0.999918276133675
0.9999183831487771
0.9999187398657843
0.9999189895676892
0.9999192749412948
0.9999195068073494
0.9999197208375536
0.9999198991960572
0.9999201667338125
0.9999205769583707
0.9999208980036771
0.9999211298697317
0.9999214152433373
0.9999216114376912
0.9999218611395961
0.9999220930056507
0.9999222178566032
0.999922414050957
0.9999226815887123
0.9999228242755152
0.9999229847981683
0.9999232166642229
0.9999234663661278
0.9999237160680328
0.9999239657699377
0.9999241084567405
0.9999243938303461
0.9999246078605504
0.999924839726605
0.9999250894285099
0.9999252856228638
0.999925499653068
0.9999256958474219
0.9999259277134764
0.9999262130870821
0.9999264271172863
0.9999266768191912
0.9999268730135451
0.9999270870437493
0.9999272832381032
0.9999275507758585
0.9999277826419131
0.9999280680155187
0.999928335553274
0.9999284782400768
0.9999287279419817
0.9999289241363356
0.9999291738382405
0.9999293165250434
0.9999296375703498
0.9999298872722547
0.9999300834666086
0.9999302618251121
0.9999304401836157
0.9999307433930716
0.9999310109308269
0.9999312249610312
0.9999314389912354
0.9999316530214396
0.9999318492157935
0.9999319562308956
0.9999321524252495
0.9999324734705559
0.9999327053366105
0.999932830187563
0.9999330263819168
0.9999332939196721
0.9999334722781756
0.9999337398159309
0.9999339716819855
0.9999342213838904
0.999934399742394
0.9999345959367478
0.9999347386235506
0.9999350061613059
0.9999352380273605
0.9999355055651158
0.99993571959532
0.9999358801179732
0.9999361298198781
0.9999363616859327
0.999936629223688
0.9999368075821915
0.9999369681048447
0.9999371821350489
0.9999373069860014
0.9999374675086545
0.9999375566879063
0.9999377528822602
0.999937949076614
0.9999381809426686
0.9999383236294714
0.9999385376596757
0.9999387516898799
0.9999389122125331
0.9999392332578395
0.9999394294521934
0.9999397326616494
0.999939964527704
0.9999401607220578
0.9999403925881124
0.9999406066183166
0.9999409454994734
0.9999411952013784
0.9999413378881812
0.9999415519183854
0.9999417124410386
0.9999418551278414
0.9999420156504946
0.9999422296806988
0.999942443710903
0.999942693412808
0.9999429252788625
0.9999431393090668
0.9999433711751213
0.9999435495336249
0.999943710056278
0.9999440667732852
0.9999442272959383
0.9999443521468908
0.9999445305053943
0.9999446731921972
0.9999447445355986
0.9999450299092042
0.999945368790361
0.9999456541639666
0.9999458503583205
0.999945975209273
0.9999461357319261
0.9999462962545793
0.9999465281206339
0.9999467778225388
0.9999469740168927
0.9999473307338999
0.9999475269282537
0.9999477231226076
0.9999478836452608
0.999948151183016
0.9999482938698189
0.9999484900641727
0.9999486327509756
0.9999488467811798
0.9999490429755337
0.9999492391698875
0.9999494175283911
0.9999495423793435
0.9999497564095478
0.9999499526039016
0.9999501309624051
0.9999503449926094
0.9999504163360108
0.9999505590228136
0.9999507373813171
0.9999508265605689
0.9999510584266235
0.9999511654417256
0.999951486487032
0.9999517540247873
0.9999519502191412
0.9999521464134951
0.9999523247719986
0.9999525031305021
0.999952699324856
0.9999527885041077
0.9999528955192099
0.9999530738777134
0.9999532165645162
0.9999533414154687
0.9999535019381218
0.9999536446249246
0.9999538051475778
0.9999539299985303
0.9999540548494827
0.9999542153721359
0.9999543402230884
0.9999545007457415
0.9999546434325444
0.9999548396268982
0.9999550179854018
0.9999552141797556
0.9999553211948577
0.9999554460458102
0.999955588732613
0.9999557135835655
0.9999558741062187
0.9999560167930215
0.9999561059722732
0.9999562664949264
0.9999563913458789
0.9999565697043824
0.9999567123911852
0.9999569442572398
0.999957104779893
0.9999572296308454
0.9999573544817979
0.9999574614969
0.9999576933629546
0.9999578717214581
0.999958121423363
0.9999582819460162
0.9999584067969687
0.9999585673196218
0.9999588348573771
0.9999589240366289
0.9999589597083296
0.9999590667234317
0.9999592272460849
0.999959334261187
0.9999594056045884
0.9999596196347926
0.999959690978194
0.9999598336649969
0.999959940680099
0.9999601190386025
0.9999603509046571
0.9999604222480585
0.9999605470990109
0.9999606184424124
0.9999607968009159
0.999960903816018
0.9999611713537733
0.9999612426971747
0.9999614745632293
0.9999615459066307
0.9999617064292838
0.9999617599368349
0.9999618847877874
0.9999619918028895
0.9999621344896923
0.9999622593406448
0.9999624020274476
0.9999626338935022
0.9999627230727539
0.9999628835954071
0.9999629727746588
0.9999630619539106
0.9999632581482645
0.9999634008350673
0.9999634900143191
0.9999635970294212
0.9999637575520743
0.9999638645671765
0.9999640072539793
0.999964096433231
0.9999642569558842
0.9999643818068367
0.9999645244936395
0.9999646671804423
0.9999648098672451
0.9999648633747962
0.9999649525540479
0.9999650952408508
0.9999652379276536
0.9999654341220074
0.9999656303163613
0.9999657730031641
0.9999658800182663
0.9999660583767698
0.9999661475560215
0.9999662902428244
0.9999664864371782
0.9999666112881307
0.9999667896466342
0.9999669501692874
0.9999670393485391
0.9999671998711923
0.9999673782296958
0.9999674674089476
0.999967538752349
0.9999675744240497
0.9999678241259546
0.9999680024844582
0.9999680559920092
0.999968198678812
0.9999683235297645
0.9999684662165673
0.9999685910675198
0.999968751590173
0.9999688586052751
0.9999690726354793
0.9999692331581325
0.9999693580090849
0.9999694293524863
0.999969465024187
0.9999695363675885
0.9999695542034388
0.9999696612185409
0.9999698039053437
0.9999699287562962
0.9999700000996976
0.9999701071147997
0.9999701962940515
0.9999703389808543
0.9999704638318068
0.9999705530110585
0.9999706421903103
0.999970731369562
0.9999708740563649
0.999970981071467
0.9999711415941201
0.9999712664450726
0.999971337788474
0.9999713912960251
0.9999714983111272
0.9999715518186783
0.99997164099793
0.9999717836847328
0.9999719620432364
0.9999721047300392
0.9999721760734406
0.9999722652526923
0.9999723365960937
0.9999723901036448
0.9999725862979987
0.9999726933131008
0.9999728181640533
0.9999728895074547
0.9999729430150057
0.9999731213735092
0.9999732462244617
0.9999733889112645
0.9999734780905163
0.9999735851056184
0.9999736742848702
0.9999737991358226
0.9999739418226254
0.999974120181129
0.99997417368868
0.9999743342113332
0.999974476898136
0.9999746017490885
0.9999747087641906
0.9999748514509934
0.9999749763019459
0.9999750298094969
0.9999751189887487
0.9999751724962997
0.9999752438397012
0.999975440034055
0.9999755113774564
0.9999756183925586
0.9999757075718103
0.9999757967510621
0.9999759037661642
0.999976046452967
0.9999761891397698
0.9999762783190216
0.9999763853341237
0.9999764745133755
0.9999765636926272
0.9999766707077293
0.9999767242152804
0.9999767955586818
0.9999768133945321
0.999976956081335
0.9999770274247364
0.9999771344398385
0.999977259290791
0.9999774376492945
0.9999775625002469
0.9999777051870498
0.9999778300380022
0.9999779370531043
0.9999780619040568
0.9999781867550093
0.9999782580984107
0.9999783651135128
0.999978579143717
0.9999786683229688
0.9999787753380709
0.9999788645173227
0.9999789536965744
0.9999790428758262
0.9999791677267786
0.9999792747418808
0.9999793817569829
0.9999795066079353
0.9999796314588878
0.9999797206381396
0.999979791981541
0.9999798811607927
0.9999800060117452
0.9999801308626977
0.9999801665343984
0.9999802557136501
0.9999803270570515
0.9999803984004529
0.9999805232514054
0.9999805945948068
0.9999806124306572
0.9999806481023579
0.9999807194457593
0.9999807907891607
0.9999808799684125
0.9999809691476642
0.999981058326916
0.9999812188495691
0.9999813793722223
0.9999813972080727
0.999981415043923
0.9999814863873244
0.999981664745828
0.9999817360892294
0.9999817539250797
0.9999818074326308
0.9999819679552839
0.9999820392986853
0.9999821106420868
0.9999821641496378
0.9999822354930392
0.9999823068364406
0.9999823960156924
0.9999824673590938
0.9999825743741959
0.9999826635534477
0.9999826992251484
0.9999827705685498
0.9999828240761008
0.9999828597478015
0.999982931091203
0.9999830559421554
0.9999832164648086
0.9999832699723596
0.999983341315761
0.9999834126591625
0.9999835375101149
0.999983591017666
0.999983644525217
0.9999837158686185
0.9999837337044688
0.9999837872120199
0.9999838585554213
0.999983947734673
0.9999841260931766
0.9999842152724283
0.9999842866158297
0.9999843401233808
0.9999843936309318
0.9999844649743332
0.9999845898252857
0.9999846433328368
0.9999847681837892
0.9999848038554899
0.9999848395271906
0.9999848751988913
0.9999849465422928
0.9999850535573949
0.9999850892290956
0.9999851249007963
0.9999851962441977
0.9999853389310005
0.9999854102744019
0.9999854281102523
0.999985463781953
0.9999855529612047
0.9999856243046061
0.9999857134838579
0.9999857491555586
0.999985766991409
0.99998582049896
0.9999858561706607
0.9999858918423614
0.9999859096782118
0.9999859631857628
0.9999860523650146
0.9999861950518174
0.9999862842310692
0.9999863020669195
0.9999864982612734
0.9999866409480762
0.999986730127328
0.9999868371424301
0.9999869084858315
0.9999869619933826
0.9999870511726343
0.9999871225160357
0.9999872295311378
0.9999873187103896
0.9999874792330428
0.9999875684122945
0.9999876040839952
0.9999876397556959
0.9999876754273966
0.9999877110990973
0.9999877824424988
0.9999878181141995
0.9999878537859002
0.9999879251293016
0.999987996472703
0.999988049980254
0.9999881391595058
0.9999882461746079
0.999988299682159
0.9999883353538597
0.9999883710255604
0.9999884958765128
0.999988602891615
0.999988656399166
0.9999887455784178
0.9999887990859688
0.9999887990859688
0.9999888882652206
0.9999889239369213
0.9999889774444723
0.9999890844595745
0.9999891022954248
0.9999891736388262
0.9999892093105269
0.999989262818078
0.9999892984897787
0.9999893876690304
0.9999894233407312
0.9999895303558333
0.9999895838633843
0.9999896373709354
0.9999896730426361
0.9999897087143368
0.9999897978935886
0.9999898335652893
0.999989922744541
0.9999900119237928
0.9999900475954935
0.9999901367747452
0.9999901902822963
0.9999902972973984
0.9999903864766502
0.9999904221483509
0.9999904756559019
0.9999905469993033
0.9999906718502558
0.9999907075219565
0.9999907075219565
0.9999907253578069
0.9999907431936572
0.9999907967012083
0.9999908680446097
0.9999909750597118
0.9999909928955621
0.9999910464031132
0.9999910999106643
0.9999912425974671
0.9999912604333174
0.9999913139408685
0.9999913674484195
0.9999913852842699
0.9999915101352224
0.9999915814786238
0.9999916171503245
0.9999916349861748
0.9999916884937259
0.9999917598371273
0.999991849016379
0.9999918846880798
0.9999919381956308
0.9999920452107329
0.999992098718284
0.999992098718284
0.9999921165541343
0.999992152225835
0.9999921700616854
0.9999922235692364
0.9999922592409372
0.9999923305843386
0.9999923484201889
0.9999923840918896
0.9999924197635903
0.9999925089428421
0.9999925446145428
0.9999925981220938
0.9999926694654953
0.999992705137196
0.999992705137196
0.9999927408088967
0.9999928121522981
0.9999928656598491
0.9999929191674002
0.9999929370032505
0.9999930261825023
0.999993061854203
0.9999930796900534
0.9999931867051555
0.9999932223768562
0.9999932580485569
0.9999933293919583
0.9999934007353597
0.9999934542429108
0.9999934899146115
0.9999935434221625
0.9999936147655639
0.9999936504372646
0.999993721780666
0.9999937574523667
0.9999938109599178
0.9999938287957681
0.9999938644674689
0.9999939358108703
0.999993971482571
0.999994024990122
0.9999940606618227
0.9999940963335234
0.9999941676769248
0.9999941855127752
0.9999942211844759
0.9999942568561766
0.9999942568561766
0.9999942925278773
0.9999942925278773
0.9999943103637277
0.9999943638712787
0.9999943995429794
0.9999944708863808
0.9999944887222312
0.9999945600656326
0.9999946135731836
0.9999946135731836
0.9999946135731836
0.9999946492448843
0.999994684916585
0.9999947205882858
0.9999947384241361
0.9999947740958368
0.9999947740958368
0.9999948276033879
0.9999948454392382
0.9999949167826396
0.9999949524543403
0.999994988126041
0.9999950237977417
0.9999950594694424
0.9999950773052928
0.9999951486486942
0.9999951664845446
0.9999952021562453
0.999995237827946
0.9999952734996467
0.9999953270071977
0.9999953805147488
0.9999954161864495
0.9999954875298509
0.9999954875298509
0.9999955053657013
0.9999955053657013
0.9999955232015516
0.9999955767091027
0.9999956480525041
0.9999957015600551
0.9999957015600551
0.9999958264110076
0.999995844246858
0.999995844246858
0.999995844246858
0.999995844246858
0.999995844246858
0.9999958799185586
0.9999959512619601
0.9999959869336608
0.9999960047695111
0.9999960226053615
0.9999960404412118
0.9999960582770622
0.9999960939487629
0.9999961296204636
0.9999961474563139
0.9999961831280146
0.9999962366355657
0.9999962723072664
0.9999962901431168
0.9999962901431168
0.9999963079789671
0.9999963436506678
0.9999963436506678
0.9999963971582189
0.9999964685016203
0.9999964863374706
0.9999965398450217
0.9999965398450217
0.999996557680872
0.9999965755167224
0.9999965755167224
0.9999966290242734
0.9999966646959741
0.9999967003676749
0.9999967182035252
0.9999967360393756
0.9999967360393756
0.9999967360393756
0.9999967360393756
0.9999967360393756
0.9999967895469266
0.9999968430544777
0.9999968430544777
0.9999968430544777
0.9999968787261784
0.9999968965620287
0.9999968965620287
0.9999969322337294
0.9999969500695798
0.9999969679054301
0.9999970035771308
0.9999970214129812
0.9999970392488315
0.9999970392488315
0.9999970570846819
0.9999970749205322
0.9999970749205322
0.9999970749205322
0.999997110592233
0.9999971819356344
0.9999972176073351
0.9999972354431854
0.9999972711148861
0.9999973067865868
0.9999973246224372
0.9999973602941379
0.9999973602941379
0.99999746730924
0.99999746730924
0.9999975029809407
0.9999975564884918
0.9999975921601925
0.9999975921601925
0.9999975921601925
0.9999976099960428
0.9999976813394442
0.9999976991752946
0.9999976991752946
0.9999977348469953
0.9999977526828456
0.9999977526828456
0.9999977526828456
0.999997770518696
0.999997770518696
0.9999978061903967
0.9999978061903967
0.999997824026247
0.999997824026247
0.999997824026247
0.999997824026247
0.9999978418620974
0.9999978418620974
0.9999978775337981
0.9999979132054988
0.9999979310413492
0.9999979845489002
0.9999979845489002
0.9999980023847506
0.9999980202206009
0.9999980380564513
0.9999980558923016
0.9999980558923016
0.999998073728152
0.9999980915640023
0.9999980915640023
0.999998127235703
0.999998127235703
0.999998127235703
0.999998127235703
0.999998127235703
0.9999981450715534
0.9999981450715534
0.9999981629074037
0.9999981807432541
0.9999981807432541
0.9999981807432541
0.9999981807432541
0.9999981807432541
0.9999981985791044
0.9999982342508051
0.9999982342508051
0.9999982342508051
0.9999983055942065
0.9999983591017576
0.999998376937608
0.999998376937608
0.9999983947734583
0.9999984126093087
0.999998430445159
0.9999984482810094
0.9999984661168597
0.9999984839527101
0.9999985017885604
0.9999985017885604
0.9999985374602611
0.9999985552961115
0.9999985909678122
0.9999986088036625
0.9999986088036625
0.9999986266395129
0.999998680147064
0.9999986979829143
0.9999986979829143
0.9999987158187646
0.9999987158187646
0.9999987158187646
0.9999987158187646
0.9999987158187646
0.9999987514904654
0.9999987514904654
0.9999987871621661
0.9999987871621661
0.9999987871621661
0.9999987871621661
0.9999988049980164
0.9999988228338668
0.9999989120131185
0.9999989120131185
0.9999989120131185
0.9999989298489689
0.9999989298489689
0.9999989298489689
0.9999989298489689
0.9999989476848192
0.9999989655206696
0.9999989833565199
0.9999990011923703
0.9999990011923703
0.9999990011923703
0.9999990011923703
0.9999990011923703
0.9999990011923703
0.9999990011923703
0.9999990011923703
0.9999990546999213
0.9999990546999213
0.9999990725357717
0.9999991082074724
0.9999991082074724
0.9999991260433228
0.9999991617150235
0.9999991973867242
0.9999991973867242
0.9999991973867242
0.9999991973867242
0.9999991973867242
0.9999991973867242
0.9999992152225745
0.9999992152225745
0.9999992152225745
0.9999992152225745
0.9999992152225745
0.9999992330584249
0.9999992330584249
0.9999992330584249
0.9999992330584249
0.9999992330584249
0.9999992508942752
0.9999992687301256
0.9999992687301256
0.9999992687301256
0.9999992687301256
0.9999992687301256
0.9999992687301256
0.9999992865659759
0.9999992865659759
0.9999992865659759
0.9999992865659759
0.9999993222376766
0.9999993222376766
0.9999993222376766
0.9999993222376766
0.999999340073527
0.9999993757452277
0.9999994114169284
0.9999994114169284
0.9999994114169284
0.9999994470886291
0.9999994470886291
0.9999994470886291
0.9999994827603298
0.9999995184320305
0.9999995184320305
0.9999995184320305
0.9999995184320305
0.9999995184320305
0.9999995184320305
0.9999995184320305
0.9999995184320305
0.9999995184320305
0.9999995541037312
0.9999995719395816
0.9999995897754319
0.9999996254471326
0.9999996254471326
0.999999643282983
0.999999643282983
0.999999643282983
0.999999643282983
0.9999996611188333
0.9999996611188333
0.9999996611188333
0.9999996611188333
0.9999996789546837
0.999999696790534
0.9999997146263844
0.9999997146263844
0.9999997146263844
0.9999997324622347
0.9999997502980851
0.9999997502980851
0.9999997681339354
0.9999997681339354
0.9999998038056361
0.9999998038056361
0.9999998038056361
0.9999998394773368
0.9999998394773368
0.9999998394773368
0.9999998394773368
0.9999998394773368
0.9999998394773368
0.9999998573131872
0.9999998573131872
0.9999998573131872
0.9999998751490375
0.9999998751490375
0.9999998751490375
0.9999999108207382
0.9999999108207382
0.9999999108207382
0.9999999286565886
0.9999999286565886
0.9999999286565886
0.9999999286565886
0.999999946492439
0.999999946492439
0.999999946492439
0.999999946492439
0.999999946492439
0.999999946492439
0.999999946492439
0.999999946492439
0.999999946492439
0.999999946492439
0.999999946492439
0.999999946492439
0.999999946492439
0.999999946492439
0.999999946492439
0.999999946492439
0.999999946492439
0.999999946492439
0.999999946492439
0.999999946492439
0.999999946492439
0.999999946492439
0.999999946492439
0.999999946492439
0.999999946492439
0.999999946492439
0.999999946492439
0.9999999643282893
0.9999999643282893
0.9999999643282893
0.9999999643282893
0.9999999643282893
0.9999999643282893
0.9999999643282893
0.9999999643282893
0.9999999643282893
0.9999999643282893
0.9999999643282893
0.99999999999999
0.99999999999999
0.99999999999999
0.99999999999999
0.99999999999999
0.99999999999999
0.99999999999999
0.99999999999999
0.99999999999999
0.99999999999999
0.99999999999999
0.99999999999999
0.99999999999999
0.99999999999999
0.99999999999999
0.99999999999999
0.99999999999999
0.99999999999999
0.99999999999999
0.99999999999999
0.99999999999999
0.99999999999999
0.99999999999999
0.99999999999999
0.99999999999999
0.99999999999999
0.99999999999999
0.99999999999999
0.99999999999999
0.99999999999999
0.99999999999999
0.99999999999999
0.99999999999999
0.99999999999999
0.99999999999999
0.99999999999999
0.99999999999999
0.99999999999999
0.99999999999999
0.99999999999999
0.99999999999999
0.99999999999999
0.99999999999999
0.99999999999999
0.99999999999999
0.99999999999999
0.99999999999999
0.99999999999999
0.99999999999999
0.99999999999999
0.99999999999999
0.99999999999999
0.99999999999999
0.99999999999999
0.99999999999999
0.99999999999999
0.99999999999999
0.99999999999999
0.99999999999999
0.99999999999999
0.99999999999999
0.99999999999999
0.99999999999999
0.99999999999999
0.99999999999999
0.99999999999999
0.99999999999999
0.99999999999999
0.99999999999999
0.99999999999999
0.99999999999999
0.99999999999999
0.99999999999999
0.99999999999999
0.99999999999999
0.99999999999999
0.99999999999999
0.99999999999999
0.99999999999999
0.99999999999999
0.99999999999999
0.99999999999999
0.99999999999999
0.99999999999999
0.99999999999999
0.99999999999999
0.99999999999999
0.99999999999999
0.99999999999999
0.99999999999999
0.99999999999999
0.99999999999999
0.99999999999999
0.99999999999999
0.99999999999999
0.99999999999999
0.99999999999999
0.99999999999999
0.99999999999999
0.99999999999999
0.99999999999999
0.99999999999999
0.99999999999999
0.99999999999999
0.99999999999999
0.99999999999999
0.99999999999999
0.99999999999999
0.99999999999999
0.99999999999999
0.99999999999999
0.99999999999999
0.99999999999999
0.99999999999999
0.99999999999999
0.99999999999999
0.99999999999999
0.99999999999999
0.99999999999999
0.99999999999999
0.99999999999999
0.99999999999999
0.99999999999999
0.99999999999999
0.99999999999999
0.99999999999999
0.99999999999999
0.99999999999999
0.99999999999999
0.99999999999999
0.99999999999999
0.99999999999999
0.99999999999999
0.99999999999999
0.99999999999999
0.99999999999999
0.99999999999999
0.99999999999999
0.99999999999999
0.99999999999999
0.99999999999999
0.99999999999999
0.99999999999999
0.99999999999999
0.99999999999999
0.99999999999999
0.99999999999999
0.99999999999999
0.99999999999999
0.99999999999999
0.99999999999999
0.99999999999999
0.99999999999999
0.99999999999999
0.99999999999999
0.99999999999999
0.99999999999999
0.99999999999999
0.99999999999999
0.99999999999999
0.99999999999999
0.99999999999999
0.99999999999999
0.99999999999999
0.99999999999999
0.99999999999999
0.99999999999999
0.99999999999999
0.99999999999999
0.99999999999999
0.99999999999999
0.99999999999999
0.99999999999999
0.99999999999999
0.99999999999999
0.99999999999999
0.99999999999999
0.99999999999999
0.99999999999999
0.99999999999999
0.99999999999999
0.99999999999999
0.99999999999999
0.99999999999999
0.99999999999999
0.99999999999999
0.99999999999999
0.99999999999999
0.99999999999999
0.99999999999999
0.99999999999999
0.99999999999999
0.99999999999999
0.99999999999999
0.99999999999999
0.99999999999999
0.99999999999999
0.99999999999999
0.99999999999999
0.99999999999999
0.99999999999999
0.99999999999999
0.99999999999999
0.99999999999999
0.99999999999999
0.99999999999999
0.99999999999999
0.99999999999999
0.99999999999999
0.99999999999999
0.99999999999999
0.99999999999999
0.99999999999999
0.99999999999999
0.99999999999999
0.99999999999999
0.99999999999999
0.99999999999999
0.99999999999999
0.99999999999999
0.99999999999999
0.99999999999999
0.99999999999999
0.99999999999999
0.99999999999999
0.99999999999999
0.99999999999999
0.99999999999999
0.99999999999999
0.99999999999999
0.99999999999999
0.99999999999999
0.99999999999999
0.99999999999999
0.99999999999999
0.99999999999999
0.99999999999999
0.99999999999999
0.99999999999999
0.99999999999999
0.99999999999999