0
8287366
8247733
5893424
4079149
3023585
2311605
1865668
1561691
1337387
1160835
1020193
900256
806242
718875
644666
577680
522594
471688
431300
398922
370868
345275
324769
308568
283826
262683
245508
231769
215614
203584
192829
182257
173453
163989
155366
147974
140950
135226
128509
123399
117657
112367
108257
104358
100171
97054
92985
89643
86617
84027
80842
78232
75651
73549
71401
69301
67256
65233
63224
61088
60038
58473
56780
55668
54621
53066
51882
50108
49254
48088
46595
46025
45105
44119
43287
42329
41314
40441
39497
38969
38286
37556
36199
36279
35426
34521
34225
33848
32721
32157
32066
31266
30672
30044
29684
29187
28913
28519
27579
27177
26800
26720
26034
25711
25759
25193
24949
24616
23964
23658
23498
23296
22716
22455
22203
21851
21525
21559
21148
21028
20889
20418
20112
19588
19563
19221
18839
19059
18684
18329
18273
17829
17948
17569
17527
17188
16891
16763
16730
16616
16087
16293
16015
15538
15215
15411
15308
15128
14828
14549
14633
14570
14502
14242
14088
13987
13803
13849
13779
13388
13315
13289
13014
13059
12935
12743
12632
12522
12435
12462
12270
12267
12030
11720
11786
11666
11937
11428
11229
11349
11310
11116
11052
11078
10923
10701
10628
10743
10657
10534
10602
10332
10310
10196
10221
9879
9850
9948
9858
9732
9617
9621
9383
9375
9321
9134
9349
9089
9091
9090
9038
9047
8739
8818
8802
8642
8607
8671
8442
8493
8381
8223
8222
8180
8273
8179
8115
8140
8150
8008
7717
7806
7707
7767
7530
7579
7600
7568
7354
7347
7533
7438
7203
7237
7164
7178
6964
7268
7089
7023
7040
6916
6976
6817
6916
6703
6864
6588
6653
6738
6636
6525
6325
6411
6386
6408
6373
6407
6332
6361
6134
6207
6362
6230
6037
6010
5995
5994
6066
5919
5876
6032
6021
5859
5714
5815
5782
5688
5767
5685
5438
5650
5478
5660
5497
5390
5416
5607
5399
5460
5399
5277
5441
5303
5358
5228
5217
5188
5204
5143
5104
5041
5101
5045
5105
4966
4916
4938
4877
4872
4748
4865
4905
4875
4733
4834
4780
4757
4693
4681
4811
4657
4695
4597
4559
4482
4626
4436
4564
4520
4557
4458
4407
4392
4541
4364
4383
4353
4340
4386
4383
4351
4132
4185
4155
4115
4068
4212
4142
4066
4035
4121
4032
3873
4004
4016
4063
3869
4019
4013
3981
3893
3978
4047
3900
3939
3792
3791
3880
3826
3793
3774
3749
3840
3677
3721
3653
3808
3695
3586
3599
3640
3484
3546
3588
3502
3509
3453
3559
3512
3515
3499
3474
3443
3537
3436
3408
3568
3409
3353
3351
3428
3269
3340
3347
3390
3286
3328
3335
3178
3302
3351
3256
3147
3207
3219
3189
3226
3171
3095
3112
3164
3115
3206
3114
3086
3093
3033
3127
3155
3152
3062
3051
2970
2910
2986
2982
2891
2974
2929
3016
2903
2898
2873
2896
2901
2865
2855
2717
2862
2689
2789
2847
2814
2826
2774
2745
2770
2740
2619
2761
2794
2702
2706
2712
2713
2644
2561
2653
2625
2623
2671
2642
2643
2638
2697
2624
2580
2663
2632
2571
2606
2527
2581
2526
2462
2550
2521
2501
2533
2492
2481
2449
2584
2488
2509
2443
2408
2366
2445
2471
2393
2386
2343
2372
2386
2312
2463
2295
2328
2321
2294
2351
2307
2280
2290
2269
2257
2404
2210
2210
2191
2268
2315
2242
2258
2237
2187
2198
2227
2219
2197
2150
2181
2126
2087
2217
2198
2220
2174
2184
2088
2107
2056
2103
2155
2114
2184
2110
2131
2141
2158
2063
2010
2057
2086
2087
2019
2016
2102
1974
2077
2024
2032
2001
2009
1975
1924
1977
2045
1946
2080
2042
1970
1995
1981
1941
1892
1957
1992
1847
1874
1926
1896
1926
1857
1849
1914
1854
1895
1858
1886
1844
1886
1898
1893
1868
1817
1756
1778
1754
1840
1776
1773
1718
1794
1838
1822
1855
1771
1835
1792
1722
1759
1675
1724
1695
1730
1645
1714
1728
1733
1701
1674
1686
1682
1704
1715
1685
1676
1620
1721
1604
1673
1735
1673
1658
1600
1641
1677
1640
1665
1617
1600
1532
1572
1560
1652
1580
1645
1654
1621
1626
1560
1586
1529
1548
1522
1542
1550
1509
1631
1531
1521
1532
1426
1511
1535
1493
1584
1453
1504
1575
1503
1565
1455
1450
1531
1490
1466
1470
1537
1451
1413
1467
1365
1433
1418
1462
1455
1439
1437
1386
1437
1446
1378
1392
1430
1416
1360
1361
1416
1371
1346
1453
1416
1357
1350
1374
1408
1348
1396
1373
1394
1353
1372
1344
1405
1336
1390
1411
1413
1389
1334
1415
1340
1289
1319
1346
1232
1258
1305
1316
1332
1300
1255
1257
1291
1272
1260
1256
1305
1307
1297
1324
1291
1234
1276
1163
1288
1317
1191
1225
1268
1163
1199
1203
1185
1208
1314
1239
1211
1202
1193
1180
1194
1176
1233
1259
1202
1183
1163
1188
1201
1147
1168
1183
1199
1254
1140
1152
1135
1216
1194
1181
1173
1187
1112
1101
1148
1100
1129
1228
1171
1124
1157
1079
1190
1155
1130
1110
1097
1131
1082
1081
1122
1109
1115
1072
1130
1081
1125
1080
1100
1110
1070
1053
1103
1082
1078
1054
1122
1095
1064
1088
1064
1006
988
1004
1051
1044
1018
1109
1010
1041
1082
1032
1083
996
1031
968
1067
1056
1014
966
1027
969
1018
977
1029
963
1002
1018
1008
986
1039
1003
1027
957
964
981
950
966
964
994
917
905
1009
941
1021
966
967
1005
931
931
950
962
997
957
970
989
915
899
959
885
969
895
982
923
899
934
874
988
909
929
977
962
911
899
892
890
929
912
897
916
900
947
871
922
897
873
923
879
892
819
935
875
891
901
857
858
845
879
860
836
893
855
892
809
771
811
816
849
831
808
797
825
841
844
834
821
868
821
815
846
831
859
807
843
858
804
792
799
775
858
812
756
810
790
813
771
746
781
788
815
793
776
777
827
804
759
759
755
743
789
747
769
837
767
794
761
761
723
738
748
737
790
743
799
763
798
749
725
746
780
749
744
724
720
661
729
750
709
704
727
717
714
687
746
714
729
674
738
732
767
680
681
638
687
720
751
735
679
691
773
633
705
671
677
732
703
635
703
718
665
723
648
696
707
685
724
664
702
670
639
617
700
684
728
681
661
640
669
697
624
663
603
636
648
658
614
642
657
612
656
621
624
679
641
652
635
588
611
648
643
610
680
632
646
589
611
622
608
640
586
584
612
625
600
605
597
566
612
602
625
609
591
635
616
638
607
565
655
552
591
590
536
603
584
560
595
602
615
584
609
591
605
544
580
574
537
589
594
584
600
566
563
575
551
545
598
566
566
623
592
534
544
526
549
525
536
564
522
522
579
595
550
550
571
551
568
540
542
530
544
537
537
541
553
514
510
514
539
586
509
566
527
516
501
541
513
501
500
541
502
528
504
475
569
493
510
525
502
497
506
513
562
502
509
486
537
547
535
501
495
494
494
485
504
474
509
482
518
502
466
493
503
471
509
500
517
500
495
522
475
485
470
469
489
458
494
488
455
473
478
490
493
468
466
473
456
482
490
514
480
485
498
425
444
450
475
472
461
458
441
505
472
451
459
480
480
470
429
395
461
474
483
445
419
458
430
446
466
469
440
461
447
426
463
395
421
413
454
426
501
424
412
431
430
413
395
394
436
425
425
439
414
420
442
410
383
446
408
404
415
414
446
387
449
416
410
400
408
451
456
402
446
380
395
423
388
399
423
401
424
415
377
441
396
423
408
420
382
430
375
410
424
411
384
409
408
417
375
360
391
389
406
390
416
392
397
363
387
413
399
408
381
391
368
414
381
384
390
355
366
403
387
375
391
391
398
384
392
363
375
382
370
347
390
394
342
387
357
359
367
385
387
355
374
370
351
377
357
370
367
393
374
348
379
366
363
365
355
341
341
360
365
330
326
316
385
362
347
352
337
342
347
366
367
342
345
371
321
341
359
365
338
326
322
362
340
328
342
351
358
314
363
338
337
353
346
359
360
344
336
385
354
329
345
329
334
324
327
331
364
311
354
333
281
378
326
338
330
326
312
332
292
348
323
318
298
328
329
320
346
319
317
307
314
328
313
327
297
289
289
330
288
311
332
320
290
310
337
302
317
303
260
306
305
291
285
285
305
302
328
313
306
302
331
283
303
303
303
261
302
292
298
319
312
278
290
315
295
283
271
271
313
287
322
303
291
288
269
333
274
301
285
275
305
250
296
300
294
307
319
318
267
286
277
304
307
300
273
261
296
267
303
267
296
287
256
273
289
308
274
284
262
286
283
305
264
247
280
282
269
263
262
238
273
257
279
328
284
299
252
275
272
256
271
251
247
305
259
292
249
251
270
244
286
262
272
265
275
279
290
249
285
241
268
256
247
246
226
244
283
271
277
267
257
267
265
257
229
248
233
252
252
273
226
257
255
251
249
247
279
258
257
290
251
256
256
275
241
238
247
228
245
242
237
239
255
240
251
239
236
234
247
214
254
198
248
244
208
251
254
244
240
241
251
249
231
217
257
232
211
259
242
237
234
230
214
230
234
239
205
244
255
235
256
233
253
241
218
235
191
225
237
238
224
245
240
240
219
219
228
239
234
230
238
209
229
250
228
212
216
220
192
205
229
244
225
223
205
220
222
226
244
233
207
206
196
214
222
187
213
223
216
226
226
199
228
210
196
204
215
195
197
229
209
195
184
203
230
203
223
212
215
202
202
203
234
226
195
218
216
216
203
181
223
199
194
212
191
193
192
193
181
220
203
210
209
177
202
214
196
202
211
219
207
205
172
181
198
194
190
205
187
185
198
201
222
190
202
208
195
176
204
190
196
172
188
194
203
208
195
187
182
186
151
190
186
196
158
214
176
219
197
174
197
179
201
226
188
181
174
171
162
175
205
182
228
184
173
181
162
171
205
200
184
195
207
172
165
191
182
198
175
181
191
177
169
184
157
176
170
174
186
184
174
166
165
196
159
169
176
190
173
161
193
151
188
166
173
186
194
184
162
181
181
165
164
173
161
184
154
182
155
161
160
178
172
141
153
169
174
184
159
163
170
155
186
164
152
186
148
169
145
161
142
144
163
166
166
160
164
160
161
148
157
156
157
154
148
160
176
176
166
167
177
163
151
152
170
150
157
150
153
165
148
175
164
160
150
158
171
139
172
132
151
131
140
164
164
160
167
171
156
150
159
157
158
151
150
173
130
153
142
170
159
150
149
157
149
152
146
145
137
149
136
132
172
162
147
156
134
146
166
157
161
147
139
127
138
139
138
138
164
152
111
152
128
141
142
146
135
138
143
136
118
126
143
156
127
158
133
132
143
135
138
145
123
140
145
136
128
112
126
129
134
122
124
144
143
135
150
146
147
139
140
121
125
155
132
133
145
118
125
134
129
142
135
120
137
118
130
116
117
122
132
118
116
135
122
125
142
139
119
133
117
138
118
109
121
138
128
128
132
146
127
101
113
131
128
129
119
120
108
118
117
129
134
114
133
128
110
139
125
135
86
120
117
120
119
117
137
119
118
104
125
125
99
115
103
143
121
112
115
122
117
107
115
137
135
87
113
109
107
112
109
120
125
129
113
109
110
108
108
112
116
105
124
98
103
111
109
118
109
131
82
95
113
109
122
104
107
110
118
104
100
92
114
95
96
109
137
121
115
107
105
99
121
113
105
105
102
102
97
116
116
110
105
113
95
107
97
95
109
116
93
92
116
112
92
110
100
100
72
108
114
98
103
94
108
101
119
95
100
105
89
112
92
100
116
105
84
88
86
112
100
89
86
78
100
97
104
82
85
97
97
102
91
89
100
103
103
73
91
86
92
101
93
100
80
98
87
87
102
77
87
87
85
84
90
84
97
72
76
89
90
86
93
81
88
74
91
82
94
105
94
93
99
77
86
91
106
88
72
82
70
87
74
76
84
87
85
81
96
69
91
85
86
67
82
73
80
73
80
77
96
70
82
78
88
96
88
92
96
83
78
96
75
88
81
67
76
84
88
105
84
86
73
87
68
89
90
71
81
84
61
81
67
69
82
76
71
69
71
87
85
83
78
68
73
69
67
69
81
74
82
65
70
66
67
85
67
69
73
53
57
52
78
80
63
70
75
71
84
63
63
63
63
79
66
74
93
69
82
62
74
87
68
73
79
84
85
84
68
66
67
68
67
84
76
83
57
63
71
69
75
63
57
77
75
82
67
76
58
71
76
61
65
66
73
74
72
63
69
57
63
70
72
61
72
58
68
60
65
62
68
60
51
80
55
55
70
77
60
44
60
65
60
60
71
58
79
71
78
71
65
59
59
61
70
57
48
70
53
76
55
59
57
45
62
50
62
82
66
56
61
65
59
56
55
53
63
56
65
49
54
59
41
41
56
50
48
61
60
55
56
64
52
44
61
48
61
57
63
70
65
51
46
56
72
68
60
55
51
56
50
44
42
49
43
58
47
44
41
50
44
55
59
63
48
50
59
47
57
50
52
51
45
47
66
46
54
52
53
52
49
52
38
41
31
42
70
37
39
60
48
50
43
45
44
61
60
51
42
39
38
43
48
54
51
40
27
65
46
46
48
36
41
40
38
59
36
34
52
49
59
55
37
38
44
56
45
36
49
53
43
42
35
35
48
41
35
44
56
42
39
43
51
40
39
52
53
48
26
43
50
58
46
38
45
43
45
38
32
43
46
39
52
46
36
40
40
51
44
37
33
47
42
37
44
38
41
51
44
46
40
39
41
39
38
29
38
37
53
36
35
42
31
43
47
34
40
42
30
28
37
39
48
45
39
47
44
39
37
32
33
39
32
47
45
40
39
26
43
23
47
39
31
39
34
37
35
36
38
39
31
35
33
24
29
43
47
26
38
29
36
36
43
34
41
31
33
31
32
34
37
39
33
32
35
31
26
47
42
33
33
41
37
35
35
25
35
36
33
49
27
30
27
30
31
30
29
40
32
25
33
36
35
35
39
26
30
39
38
36
43
39
30
28
34
33
34
36
25
28
30
23
38
28
31
32
45
32
36
37
26
23
29
25
34
44
23
29
32
25
32
16
25
27
22
33
36
32
21
26
31
34
36
32
33
20
26
20
36
48
35
20
33
32
18
35
27
30
30
32
28
26
24
29
26
24
24
32
18
22
19
33
29
30
27
20
28
22
24
25
27
32
23
27
27
29
21
26
33
24
29
31
33
32
23
20
22
18
29
23
25
22
29
33
31
11
23
27
23
31
32
20
20
29
21
16
17
23
21
27
26
19
18
25
23
25
27
26
18
36
26
27
23
26
25
23
25
22
28
29
24
26
25
19
29
31
26
28
27
27
24
17
32
22
23
17
22
24
22
27
22
24
30
25
26
27
17
20
20
25
28
21
24
14
17
31
19
25
22
23
32
27
16
22
21
23
17
28
25
24
19
23
21
22
18
13
20
17
18
19
15
29
21
24
18
22
19
19
17
21
32
22
19
20
14
18
33
26
22
19
20
23
23
18
25
13
20
32
26
18
18
20
15
20
23
18
22
20
23
16
22
25
23
18
16
17
21
21
22
19
27
14
13
9
14
20
15
18
15
24
19
19
21
16
12
24
18
18
17
25
18
18
18
11
25
15
15
19
29
24
19
16
17
15
24
18
15
23
17
14
15
17
20
12
17
18
19
10
17
19
22
19
12
13
21
14
15
21
21
18
20
12
15
19
20
14
9
14
14
13
18
23
21
18
20
14
21
19
16
17
13
13
16
19
14
20
17
17
11
14
16
17
15
14
8
18
8
17
14
13
13
15
20
17
15
18
15
23
19
11
17
10
11
8
15
18
11
17
14
16
9
11
14
17
16
21
13
19
13
10
20
15
12
16
15
24
11
12
11
13
17
5
24
13
12
19
19
19
14
7
16
16
15
11
8
11
23
6
20
14
16
13
12
10
15
23
18
13
16
11
14
13
7
11
15
8
9
13
14
14
14
8
16
12
13
14
11
12
11
13
16
12
14
11
12
11
15
13
16
15
8
14
11
14
8
18
14
11
10
10
17
15
12
12
12
11
6
11
18
13
7
11
15
10
15
13
14
10
11
8
15
13
15
12
9
14
13
15
10
9
12
7
9
5
11
11
13
8
12
12
9
18
11
17
13
11
13
12
19
14
8
12
9
8
9
12
12
14
13
12
13
10
9
20
9
7
10
8
4
16
19
16
11
7
9
9
13
14
11
20
11
11
9
15
8
11
8
12
11
11
10
7
12
11
10
12
4
8
10
5
13
6
18
15
11
11
10
10
11
5
6
10
8
7
9
8
9
7
7
9
7
9
8
11
10
11
6
7
8
7
9
8
5
9
7
10
8
13
9
7
7
6
13
10
14
9
7
9
15
5
2
6
9
6
4
12
4
8
6
10
13
4
7
4
10
6
15
4
13
4
9
3
7
6
8
7
8
13
5
9
5
5
11
8
5
6
9
6
8
5
9
7
8
8
8
3
5
8
8
11
11
8
6
10
5
8
11
7
10
9
5
9
10
5
4
2
14
10
3
8
7
8
7
9
6
12
9
7
4
2
4
1
6
8
7
4
6
5
8
7
5
5
5
8
6
9
7
4
3
6
3
5
8
10
8
4
5
4
3
11
6
7
4
3
10
7
8
5
6
5
7
8
10
3
9
8
7
6
8
7
3
5
3
4
11
4
6
5
5
6
8
8
5
6
5
5
6
3
4
1
8
4
6
7
10
7
8
7
6
7
7
4
6
12
5
6
5
5
5
7
6
6
7
7
5
4
5
7
7
2
5
4
4
7
4
1
2
4
4
5
5
5
9
9
1
1
4
10
4
1
3
9
4
4
3
4
4
5
4
6
5
2
4
3
2
4
7
9
3
4
4
7
3
3
4
1
3
4
5
10
5
4
3
3
4
7
3
7
2
2
2
4
6
2
2
4
8
4
1
2
5
4
5
2
1
3
2
2
1
3
5
8
5
1
11
8
5
6
4
3
5
4
6
5
9
5
2
2
2
2
4
2
2
4
4
3
5
6
3
2
2
7
6
3
5
3
0
5
2
3
6
1
4
2
3
2
5
2
6
3
3
2
2
5
2
5
5
2
5
3
6
5
2
3
4
7
2
0
1
1
3
4
6
1
3
3
8
1
3
3
1
7
4
2
1
3
4
5
2
3
6
3
0
1
2
1
3
2
4
1
2
2
5
2
3
4
2
0
2
4
3
3
1
5
2
1
6
2
2
4
4
3
2
3
4
2
4
2
3
1
2
4
2
3
2
2
4
1
2
2
0
2
0
1
3
2
4
1
4
3
0
0
2
2
2
1
2
0
3
1
4
2
2
2
2
1
4
1
2
2
2
3
3
2
4
0
1
0
1
3
4
3
0
7
1
0
0
0
0
2
4
2
1
1
1
1
2
2
1
2
3
2
1
0
1
2
0
3
4
1
3
0
1
1
0
3
2
2
1
1
0
0
0
0
3
3
0
0
2
1
0
2
1
1
2
1
1
0
1
1
0
0
2
4
2
1
2
2
1
2
0
6
0
2
3
2
0
0
1
4
1
0
2
1
0
0
1
0
2
0
1
0
0
0
1
0
2
2
1
3
0
1
1
1
1
0
1
1
0
2
0
0
0
0
1
0
1
1
0
0
0
0
1
2
0
0
4
3
1
0
1
1
1
1
1
1
1
0
2
1
2
1
0
1
3
1
0
1
0
0
0
0
2
0
2
0
0
0
1
1
5
0
0
1
0
0
0
1
1
1
1
0
0
0
0
0
0
0
3
0
1
2
0
1
2
2
0
0
0
0
0
1
0
0
0
0
1
0
0
0
0
1
1
0
0
0
0
0
1
0
0
0
2
0
0
0
1
2
2
0
0
2
0
0
2
2
0
0
0
0
0
0
0
0
2
1
1
2
0
1
0
0
0
1
0
0
0
1
1
1
0
0
1
1
0
1
0
2
0
0
2
0
0
0
0
0
1
0
0
1
0
0
2
0
0
1
0
0
0
1
0
0
0
0
0
0
0
0
0
0
0
0
0
0
0
0
0
0
0
0
0
0
0
0
0
0
1
0
0
0
0
0
0
0
0
0
0
2
0
0
0
0
0
0
0
0
0
0
0
0
0
0
0
0
0
0
0
0
0
0
0
0
0
0
0
0
0
0
0
0
0
0
0
0
0
0
0
0
0
0
0
0
0
0
0
0
0
0
0
0
0
0
0
0
0
0
0
0
0
0
0
0
0
0
0
0
0
0
0
0
0
0
0
0
0
0
0
0
0
0
0
0
0
0
0
0
0
0
0
0
0
0
0
0
0
0
0
0
0
0
0
0
0
0
0
0
0
0
0
0
0
0
0
0
0
0
0
0
0
0
0
0
0
0
0
0
0
0
0
0
0
0
0
0
0
0
0
0
0
0
0
0
0
0
0
0
0
0
0
0
0
0
0
0
0
0
0
0
0
0
0
0
0
0
0
0
0
0
0
0
0
0
0
0
0
0
0
0
0
0
0
0
0
0
0
0
0
0
0
0
0
0
0
0
0
0
0
0
0
0
0
0
0
0
0
0
0
0
0
0
0
0
0
0
0
0
0
0
0
0
0
0
0
0
0
0
0
0
0
0
0
0
0
0
0
0
0
0